-1.4538620606801804 1.673592933178638 0.0
-1.8691543291654944 1.674994093869568 0.0
-0.8783985004452997 0.7668349640085781 1.0
-1.6304339410860114 0.4693108139289639 1.0
-0.5172496966591145 -0.9207875920369313 0.0
-1.8646858327928721 -0.503120469546559 0.0
0.036684767667293006 -0.2775480630991858 1.0
-1.3685240585453098 -0.9364294848444827 1.0
-1.2273688031120948 0.4925273225482285 1.0
1.9454016649848875 -0.9328111124171246 0.0
-1.2060976625621174 0.44769196679251966 1.0
0.543948857135919 -0.6375039876210442 0.0
-1.0218045031572585 -0.36090612178178594 0.0
-1.7431665177463933 0.06692955333177375 0.0
0.36784274800824024 1.9514669289670064 0.0
0.26666717805606144 -0.7906666969871115 1.0
0.5790026310314427 0.3568622998027742 0.0
-0.15791796891818155 -1.8251751060745467 1.0
-0.7095552716165403 -0.4998387051064781 1.0
-1.7146694047070303 -0.3311551355912461 0.0
-1.257472300490901 -0.09299872651721408 0.0
-0.4482902943179723 -1.2163095757882423 1.0
1.694183126937724 -1.488489959671262 0.0
0.5607473441172783 1.3999528729088326 1.0
-0.5129407766965093 -1.6247498117782548 1.0
0.6187750517124297 -1.6483294739624235 1.0
-0.9985169874494928 -1.309015581234942 1.0
1.0726982293116563 0.269157725537569 0.0
-0.2858167169013335 0.3496226816277246 1.0
-1.617629612260005 -0.11510334150311374 1.0
1.5022610650868842 0.04612896136398348 1.0
-0.5982889127458053 -0.22509421758368564 1.0
0.5885084744854274 -0.8769100777518903 1.0
1.675374917749119 0.34367856555610077 1.0
1.758207313531476 -0.823771249137049 0.0
-1.0993112952353532 0.38953572324307384 0.0
1.9569209827172918 0.17799801489204015 0.0
-0.532424337463524 -1.3900013440962535 1.0
0.1952612218035079 -1.0155334264726048 1.0
-1.1174742132526672 0.21451851204145944 0.0
-1.0896217091391858 1.8294416250478536 0.0
0.224255121343381 -1.9114976040649996 1.0
-0.7737489668693813 0.6911353264539097 1.0
-1.716407860339423 1.4781587552465063 0.0
0.9803660461873465 1.2680619377077424 1.0
1.0987899735979334 -0.28589281634844443 0.0
-1.712982966136964 0.8018646808989756 0.0
0.9255152029509905 0.5191705365334465 0.0
-0.28819912014326077 -1.3353703326074333 1.0
-1.4383799964493376 1.943555490363007 0.0
0.36400891726748075 -1.1361349867383481 1.0
-0.40283380486034703 1.0357131918831994 1.0
0.5052606233536978 -1.4501719808346163 1.0
0.22944044704591748 1.9408358366997809 1.0
-0.42481750127406315 -1.7512573540664675 1.0
-1.1170259744897102 -0.11671761020318439 0.0
-1.1294122627610608 1.6212063331644604 1.0
0.504945967051472 0.6545536567385768 1.0
1.930401022368177 0.9080161231084913 0.0
1.56122842735987 -1.9939714129865886 0.0
-0.562061814238564 0.9328922113236677 0.0
-1.7614795089488764 -1.8576942816393243 0.0
-1.2758201488094567 0.9199737743806944 1.0
0.4947465051391067 -0.040250535451404446 0.0
-0.022029889306220518 0.24973509265668747 1.0
0.5537763624712682 1.5679182503312923 1.0
0.6125438747823311 -0.1748092968728181 0.0
-0.6606163349621164 0.3001295268402928 1.0
0.0801697340166525 0.006245966425457272 0.0
0.2403826202334236 0.6677818883513837 1.0
1.702803446533962 0.9213430143547314 0.0
-0.3729356671192403 0.34649367869193304 1.0
-0.14367556505784718 -0.4668849682444365 1.0
0.6304655910601382 -1.3768568000357848 1.0
-1.1005962817552586 0.7612335342678427 1.0
-1.7093979270351491 -0.8026519029103079 0.0
1.3187216764854375 -0.21054988599186508 0.0
-1.5232270070468608 -0.22246630942525103 1.0
1.8619042364551808 0.5978176311908112 0.0
1.1181354780355983 -1.1252355950455777 1.0
-1.3203363112420337 0.32573704754332633 1.0
-1.3359078537973752 1.5342341456530435 0.0
0.8276245434059013 -1.0129844412123732 1.0
0.5039524486796076 -0.31121802011683686 0.0
0.9486397017399915 -1.5010313279285663 1.0
-1.989718154620764 0.06234004207630495 0.0
1.3632312101803596 0.7558861567221014 0.0
1.1146868744412588 1.6455180590220788 1.0
1.8743366052482728 -1.6632339569843264 0.0
0.14698083543954787 1.5966924557763278 1.0
-1.6883756441935995 -1.7432831905122264 0.0
-0.2564251656986207 1.6602363008932333 1.0
-1.3832045042000671 -0.5619441414250268 1.0
-1.6001516171803418 -0.7388644797013795 1.0
-0.044975294072929994 -1.6062874055126124 1.0
1.658157628727471 1.2084353349088381 1.0
-0.07351465179327477 -0.22876859714655806 1.0
-1.2865215343162189 -0.6997115802915794 1.0
0.9815051279745912 1.8793775956798786 1.0
1.6631377146018282 1.1671704685185365 1.0
-1.474970390201228 1.9890740199417105 0.0
-0.7695568335682381 -1.6748241355463271 0.0
-1.7908885921384496 -0.740026623416882 0.0
0.5153354908568137 -0.6293264320976637 1.0
-1.9440190934975679 -0.5270199255324797 0.0
-0.7448745637824077 -1.9720596927987306 0.0
-0.8800170476120655 0.7527531944538373 1.0
0.47044121120307025 -0.01571104231128828 0.0
1.8471931793725407 0.04760676296757671 1.0
-0.28927448575705395 1.58832787281482 1.0
0.452230993135299 1.7511273710725193 1.0
0.44888813228011326 -1.9978737099697041 0.0
0.3973977543153837 1.2226576057964365 1.0
-0.5598294965056669 1.92588701099179 0.0
0.857377977493234 0.31131457345005 0.0
-0.4788730016517224 0.8671148051035207 0.0
-0.8427797042682048 -1.749272578463565 0.0
0.03937231230267413 -0.4281032130865192 1.0
1.236032933980233 0.48099364301809855 0.0
-0.19205954500294675 1.8118357712581772 1.0
-0.6167662743593461 -0.9014113970721365 0.0
1.3288285114300709 -0.9582938686497129 0.0
0.5447033923158577 0.0375256305559275 0.0
0.6074021901588114 1.9288422002976828 0.0
-1.8728501417786112 1.9810387198616972 0.0
0.5416390520189927 -1.721131335648081 1.0
-0.6779511901709672 1.236154678350864 0.0
-0.5225091367825008 1.6854846593175714 1.0
1.4000158677558652 -1.5042611566527384 1.0
1.5018622524965615 -1.104470421190427 0.0
-1.0451516080195646 0.8365699572075203 1.0
-0.4101069431520856 1.4274964387384421 1.0
-0.8712725814456586 -1.2357403192748486 1.0
-1.630871368481675 -0.9041662053853674 0.0
-1.9775417053276545 -1.2404841332904653 0.0
1.586159918050499 -1.1178298255745167 0.0
-1.8572616592242785 -1.243205867445587 0.0
-0.7114910437829067 1.1829896236558781 1.0
-0.12633390987909054 -0.9485410374972205 1.0
1.5218259291166452 -0.616757787213662 0.0
-1.9114628233414641 1.3466475804816018 0.0
1.253506695762415 -0.188535331050514 0.0
-1.9894490720830365 0.05407243085730551 0.0
-1.8598038959290633 -1.4904987820962932 0.0
1.6783432873658644 -0.6718347436610688 0.0
0.4412784131760614 1.0957090423266616 1.0
0.48123120905988115 -1.4852415545415534 1.0
0.9775109426945523 -1.2510395294692378 1.0
-1.4914152582297016 -0.5405451195351896 1.0
1.3975821341754715 0.7750733024515513 0.0
0.06420062518958725 1.0634879257209686 1.0
-0.5975635019152667 -0.9200918007436183 0.0
-1.629949322388101 0.6461555417993021 1.0
-1.2563526515094918 -0.7395934061382969 1.0
1.5323926274682815 0.6372438965899705 0.0
0.9251683061666243 -1.9905307282007048 0.0
0.5431175408223292 1.3721632343335384 1.0
1.5334484003762352 -0.3113470117289907 0.0
-1.4120279409368908 0.2868803866704521 1.0
-1.9164293460742368 0.7770095394834273 0.0
-0.8414462527842126 1.2992725371212757 1.0
-1.2639911159518396 0.9677368098732697 1.0
-1.0241702697224584 -0.10011577533352556 0.0
-1.7461919503877432 1.5807591436629171 0.0
-1.0917159371367218 -0.5742219386012191 1.0
-0.8682699003661463 0.3069416855403593 0.0
-0.06247662399525433 1.273029740906896 1.0
-1.233397711017667 -0.5704136207977504 1.0
-1.386060483115544 -0.3793425238256112 1.0
1.3416299949408552 0.6816374241275946 0.0
-1.3270935372356618 -0.686521928222438 1.0
1.494148836560964 -0.5403882685523191 0.0
-0.8064818865122887 1.016379506153418 1.0
-0.8642713504340902 -0.5254624966138017 1.0
1.4470402316667617 1.793489598365293 1.0
1.5364511037388602 -1.527455687808839 1.0
-1.6124601831237126 0.25858332403443907 1.0
-0.2720241520551099 -1.8110733450198957 1.0
1.7609322601506738 -1.474897877003626 0.0
-1.035772301345288 -0.45194555402248726 1.0
1.9771354600572724 -0.39281747510837883 0.0
1.0300365522969588 0.033355096433318465 0.0
-0.7147028655208572 0.8217187695038342 1.0
0.6279167250592259 1.559228548628353 1.0
0.5914326238513343 0.16372961980867728 0.0
-1.6892541463796569 1.6766628894694646 0.0
-0.6656336338726088 -0.6343950287950588 1.0
-1.605960129405731 1.2941475435640695 0.0
-1.9498845104134541 1.2146715908237895 0.0
1.2289301177641874 0.6772796068356643 0.0
-0.6189069046202502 -1.9108244238216137 0.0
-0.551057824429178 -1.1595513297149393 0.0
1.0869372580792733 -0.6470373638800835 0.0
0.011896734410314469 -1.7892484520642773 1.0
0.9960160306825774 -1.1881426279627765 1.0
-0.1802859177389422 1.5410634912900005 1.0
1.1837128715699974 -1.1998857741437328 1.0
-1.829278178882039 -1.8488758495773645 0.0
-1.2662846447820084 1.0396750938951267 1.0
-1.407495044656657 1.7836496566055304 0.0
1.542252063159168 -1.9372057022617537 0.0
1.836908265107903 -0.20012029705050516 1.0
1.3355410755981363 -1.1810875728830426 1.0
0.7853904939790377 -1.6812031859482937 1.0
1.445658985608718 -1.2902727239765643 1.0
1.3500703715833584 0.7437783678771281 0.0
-1.6475855250081306 1.157799364648461 0.0
-1.1976170367311383 0.1817203520983779 0.0
-0.397842070052961 1.7336430845830395 1.0
0.5078346577180168 -1.0910294962394427 1.0
-0.5344519293645398 0.5588103945389329 1.0
-1.0208216909270127 -0.12924238729476567 0.0
-1.76318637285227 0.8617532047342538 0.0
1.132634997266381 0.8914280552543508 1.0
0.915387935894235 -1.4039875581787906 1.0
-1.1731844199929977 0.9157551747797315 1.0
1.0322056720467616 -1.793090561800657 1.0
-1.7232546370865918 -1.729593501583612 0.0
-0.22347358751651614 -0.4530175402846712 1.0
0.901284265374648 0.8788393021614729 1.0
-1.8324901514931105 -0.638096976792971 0.0
-1.02412767789402 1.7186989806849335 1.0
-0.4990063584103419 -0.993777794266939 0.0
1.6592547054552398 -0.09120859410613358 1.0
1.5672482105468695 -1.414692158881318 1.0
1.915502989565677 1.0572504393481714 0.0
0.12366262146803964 -0.7170397341369705 1.0
-1.0616473114402996 0.24863367142451054 0.0
-0.4294267792379367 0.07010835528099779 1.0
-1.8767096249829676 0.7636176838045072 0.0
0.18698669474127305 -0.00555009099102044 0.0
0.2975979180442372 -0.8259214506025212 1.0
-1.780897799391996 -0.79508588095345 0.0
0.24233924950884456 -0.23098439092574496 0.0
1.4532989451638123 -1.699602018265678 1.0
1.2444043267613294 -1.8740368004560977 1.0
0.32006264324659606 -1.6602444399051244 1.0
-1.276380341350193 0.9737545899204778 1.0
-1.6630426985134763 -0.8452644926753456 0.0
-0.009523921145748737 -1.4237073230544568 1.0
0.4831968603036225 0.6625764332508934 1.0
0.6767833540664139 1.1395772912080142 1.0
-0.15691323588524453 -0.4421590379943936 1.0
-0.8769259931313038 -1.4202106737044686 1.0
0.5200610588014181 1.7567932358177978 1.0
-0.10555907999660974 0.20121883816750907 1.0
0.8975391840132869 -1.1698526284590356 1.0
-0.7009430622719663 -0.3404748619167304 1.0
-1.2882971864485095 -1.2414925609303769 1.0
-1.5254958019992406 -1.0834083654188262 1.0
-1.6452587181073484 1.721026133726188 0.0
0.1473887412872723 -0.40882153488869744 1.0
1.6938073467803507 -1.3905273142685912 0.0
-1.6913933687891638 1.4281312516724118 0.0
-1.02722772221389 -0.7549780939256725 1.0
1.527206283409563 -0.4797725973399123 0.0
1.0087407326560327 -1.2107912262127019 1.0
0.22243870830403 -0.6912835588707287 1.0
-1.232681954513379 0.7711634108228758 1.0
0.3533922039702819 -1.061553783475277 1.0
1.2417758241882204 1.1316478391771767 1.0
0.651752289081827 1.308530137855576 1.0
1.641462249933284 1.7747007764705844 0.0
-1.5376195403931936 1.1091486484064474 1.0
0.858913842172139 1.4519275891011634 1.0
0.2692489116232717 -1.1956429940889937 1.0
-0.07002230776412421 -0.8308814367629638 1.0
-0.0969108203263418 -0.2235795288753879 1.0
1.0187566642474217 1.6982140107918 1.0
1.3001441122884816 1.8917377839683045 1.0
0.9168093267675297 0.6902661107238681 0.0
1.0303808396663938 -0.39585528259343006 0.0
1.6038109422643094 1.0833592027631633 1.0
0.5967896396448062 -1.2546095312380583 1.0
1.6286153937175785 1.1334547768876302 1.0
-0.2182726606500771 0.2851678843085743 1.0
-1.121488489377874 0.9329892078236304 1.0
-0.7226012778687463 -1.6789470476955448 0.0
1.3807837275884602 0.8343046229163105 0.0
0.2797558339789452 -1.6867115278450062 1.0
1.27681035764757 0.1921364076007217 0.0
1.9603446965973843 -0.6072222507576841 0.0
-0.971292546806064 -1.3496198011067873 1.0
1.2751074686485606 -1.956218347021665 0.0
0.8134073871782332 -0.9525052527823701 1.0
1.4658778605052993 -1.3439259888953385 1.0
1.6661219612789737 0.13575489948314923 1.0
1.1903813133723062 -1.7544301684579975 1.0
-0.5200916569773257 1.7706806394762995 0.0
-0.26542009906322495 -1.3270553993417096 1.0
-0.2871078321160372 -1.0056497860243279 1.0
-0.4478661636964638 0.9088582614128473 0.0
-1.1154506502760322 0.05252707963212355 0.0
0.11572064888357225 1.4609184061522935 1.0
0.13828861017394045 1.7984273687441563 1.0
-0.1272993515024754 -0.5661957361464705 1.0
1.9091734505012625 0.9250083527453978 0.0
-1.6079791839566804 -1.533075190265031 0.0
-0.3131289508306323 0.35059384556329665 0.0
-1.9758740185094976 -1.4093313236962177 0.0
0.49221103484767603 -1.6738620147204122 1.0
-0.16785142420721044 1.3497857903732675 1.0
-0.5987853643052987 1.6419362456940587 1.0
0.5053531475016753 -1.678689989252387 1.0
-1.61214027135224 1.505524083595688 0.0
-0.6613992486997895 -0.27506871482815454 0.0
-1.0821132350418918 -0.9525500901338253 1.0
-0.4571629026445252 -0.7473338254547057 0.0
0.14633370175429938 -0.8380797209462147 1.0
-1.36604527363943 0.2015832400263764 0.0
0.8232793219320946 0.4846788288110897 0.0
-1.140090342560276 -1.804529111814852 0.0
1.7647455516942911 0.22395835994665036 1.0
-1.597063950461132 -0.33000730492731645 1.0
-1.3747607562807218 -1.7143885072584357 0.0
1.6450507966797003 1.5935226749534825 0.0
1.2319859392357086 1.0594013311137682 1.0
-1.1581198661569418 0.7275223988289286 1.0
-1.1906402134872782 -1.7351701251426235 0.0
1.8841027426877477 -1.9695065494536554 0.0
1.9802278799319226 -0.6635155583452268 0.0
-0.02060841913272249 -1.9632529071313605 1.0
-0.395629706338509 1.1488956275394746 1.0
-1.6836490933318182 0.09838937371933909 1.0
1.3298010654352348 1.9886659842002765 0.0
1.8489960909649596 0.2864946709565368 1.0
-0.13373091117531555 0.5198553683729643 1.0
0.5013453222424324 1.6276090837201362 1.0
-0.12322226143108006 -0.3335327441990157 1.0
-1.0277502770640954 -1.1378498257706147 1.0
1.3041567592500019 -1.6611108251449873 1.0
-0.784447298834607 -0.7201244246917877 1.0
-1.4808484548511474 -1.4820365225802141 0.0
1.3143828447907397 -0.6031097987032821 0.0
0.259307521910245 -0.2635654716874627 0.0
1.9118862505917593 -0.5889622324594166 0.0
-1.214131668816524 -1.5876552858361226 1.0
-0.12891767465512816 0.2931978656585934 1.0
0.758260209047553 -0.1698516229107021 0.0
-0.5021270568664251 -0.10458896129702921 1.0
1.4284656955699746 -0.40287511909655205 0.0
-1.1213690835887693 0.9852697743796321 1.0
1.7487045781712105 -0.14391521585232203 1.0
-1.977881646835951 -0.2097385341189506 0.0
-1.790042244817056 0.5758268759850078 0.0
1.185581519008145 -0.9873768920872736 0.0
-0.299406459517372 -0.5784520284781136 1.0
1.9339273528809784 -1.373281600069335 0.0
1.3456884671275615 -0.47666555128939825 0.0
-1.0104329929120177 -1.9228177265330708 0.0
0.19101710661618387 -0.4974503134809063 1.0
1.2892983233264066 -0.008476875538129924 0.0
-1.204842818617673 0.8296252375558617 1.0
1.4450758127530272 -1.2964519626391664 1.0
-1.4333815038715985 -0.5041196495452152 1.0
-1.5892058901738442 0.4351085055219448 1.0
1.6434733980847152 0.5080548246657712 0.0
-1.506700085676179 -0.1829180343156076 1.0
-1.7349695549130546 1.8729897640431141 0.0
-1.8716796041343122 0.21182964740934462 0.0
-1.829361074858491 -0.6465569091617995 0.0
-1.975469445657878 -1.796542759697945 0.0
-0.10546304576832277 -1.4869720608232964 1.0
-1.1525633129985162 1.4002825728048283 1.0
-0.2776345624947072 1.656252321049715 1.0
-1.9971786263078024 0.6967738191142647 0.0
-1.5729977476914905 1.3004380121101629 0.0
-1.3657804495444208 -0.7320223778361927 1.0
-1.892379108616915 1.256513041427461 0.0
0.5522348112504543 -0.5937079497883944 0.0
-0.9085677599624891 -1.6664115339311758 1.0
-1.1499382084984293 1.7806904067250402 0.0
-1.65222724312591 -0.9244580128833837 0.0
-1.6248676142502667 1.546519436783786 0.0
1.926864855009828 -1.8920690378140606 0.0
1.3418929731474818 -0.004510504585415465 0.0
0.8002831299721844 -0.8728843832725475 0.0
-1.69315610477897 -0.5178728049154269 0.0
-0.3265138918770254 0.6189309236009146 1.0
0.6088797308917506 -1.5643971822929155 1.0
0.638503745111016 0.8610278878127655 1.0
1.2683620859729712 1.1808459616120306 1.0
0.4659020757784256 1.6083828022598734 1.0
0.7918590857286363 1.373704102931661 1.0
-1.3819548457622646 1.1731558258469783 1.0
-1.579319931628143 -1.577159424156021 0.0
1.6944021681292019 0.6973174019006652 0.0
1.9993464470741773 1.1964113098050162 0.0
1.163793934620775 1.7471708575741802 1.0
-0.5676669339769371 0.3853876735196047 1.0
-0.08199826730760718 0.11614489755548396 1.0
-0.12103305798111474 0.43444644381685027 1.0
-1.6796620719349744 1.5544199701738814 0.0
0.6467737875539981 1.747113988947743 1.0
1.2301614403376573 0.3356437972153228 0.0
1.975778500908604 1.1401440232429554 0.0
-0.16354118193635836 1.263520070978057 1.0
1.9853937627407228 -0.023562573853858293 0.0
-0.8970827823234506 -0.05557232267394463 0.0
1.8158067482189946 1.7975890579374143 0.0
0.7003941655583859 1.1224625213434773 1.0
1.7226629874087158 -0.19276516385490394 1.0
-0.3755341041773419 -0.6115163299273099 0.0
-0.7906279285960944 -1.9118374728651064 0.0
0.6506544185084486 -0.24510847600173769 0.0
0.9088875865529258 0.19399137498505148 0.0
1.1349723337028466 -1.6206054213774177 1.0
-1.5039449936141636 -1.3685473820893166 0.0
1.0979987273267304 1.273518308676524 1.0
-0.5504856472439781 0.3262856697712948 1.0
1.7391488218148106 -1.9336159814292713 0.0
-1.885626358368305 1.358570000072385 0.0
-1.9582741330571327 0.0688951083573599 0.0
1.4624817174585347 1.3545153918918968 1.0
-1.4069129657646045 0.42468589639981413 1.0
-1.2637893889858307 -1.186120784708586 1.0
0.3271177942854715 -0.3062626324343758 0.0
0.6246808042746164 -0.059517441777494184 0.0
-0.22027901049422516 -1.155332004253189 1.0
-0.28740298262345165 1.5908856801789852 1.0
-0.1691214561797869 -0.48550424846956197 1.0
-1.3176495956009813 -0.5104719867063974 1.0
0.4635679583733374 1.7064004285293883 1.0
0.9441847315590115 1.9006297514165484 1.0
1.9866412785747554 -0.31087456500256083 0.0
1.0241616202839308 1.9639195865843186 1.0
-0.6263072178480149 0.5785734036526051 1.0
-1.2715114978681488 -1.9851796329775029 0.0
0.6479911417531667 0.9787321848562915 1.0
0.541974538468398 -0.9138060936109089 1.0
-1.7841038864034937 -0.6856367895234379 0.0
1.0046789922433397 1.7816500958409724 1.0
-0.5400544180284585 -1.4822459650897173 1.0
-1.2060526357906287 -1.38567239444466 1.0
1.1135185406308055 0.3348087947374978 0.0
-0.805051474308994 -0.7262515420036442 1.0
-1.0809631668942714 -1.867580487677404 0.0
0.7201927723484878 1.3314599392076265 1.0
-0.5307993649370308 1.2469713886765752 0.0
-1.9760476570166579 -0.3816781840303256 0.0
0.6239058211255228 1.3839071852046012 1.0
-1.8903485096697294 -1.9748587384277112 0.0
1.3224496531910175 1.8474013865240195 1.0
-1.0978138416866283 -1.4833840991823286 1.0
-0.9820264329725608 0.7706009821876711 1.0
0.8885529376868408 1.3215952381929261 1.0
-0.7725123459482592 -0.8344365529956486 1.0
-1.5692806380029598 1.9161232524115612 0.0
1.6054859673360213 1.3900279586467033 1.0
-0.12974880460421323 -1.5090830344550055 1.0
-0.12014285543166237 1.995728476850649 0.0
1.6633504613235992 0.545021668542319 0.0
0.6403568336698373 0.36345118838874635 0.0
-1.6948260572621576 0.034612731893405524 1.0
-0.7518468712245854 -0.9739307066005449 1.0
-1.0555125745760643 0.5471441366738583 1.0
1.3147447833967303 0.9446653413305564 1.0
-1.642750400548226 0.3042510508366836 1.0
1.1397034784151905 0.5322089623782498 0.0
-0.6054139615252434 -1.6663854514689183 0.0
1.249245683781941 -1.2020761240778595 1.0
0.37035610627167426 -0.09878186186625726 0.0
-0.926020540524636 1.6873827578778244 1.0
0.7921109769721628 -1.9314813154638975 1.0
0.9637527227937426 -0.7169172382455797 0.0
0.3249868957586375 0.9461673895828318 1.0
1.9217168685762718 -0.5992405923457063 0.0
-1.1802389524748595 1.4396865727328887 1.0
-0.4309763377876621 -1.547183881051501 1.0
-1.4088538331938523 0.6234266244474362 1.0
0.9796581742963357 0.2877713412135954 0.0
-0.4868504433682044 -1.1939767152069787 1.0
-0.19759045493420446 1.5989303666078012 1.0
-0.16580800140106167 -1.2621282292072813 1.0
0.7703427861252572 0.4598300760053262 0.0
1.9794935445216102 0.7704257477017236 0.0
0.42411484535894584 1.1435125861669557 1.0
0.38848946522680095 -0.4791945145248975 1.0
0.19142374243402394 -0.013061931896706458 0.0
-0.9254294455391316 1.4947667393861597 1.0
0.2598114911860776 1.7179386541801112 1.0
-0.03831880527695253 -1.701894947907145 1.0
-0.1952456165323535 0.10469462426375165 0.0
-1.5657269217811192 -1.4031590914501106 0.0
-0.19002803589212292 0.817046241621695 1.0
-1.136849485227767 0.18140045260196613 0.0
-0.15792550320184873 0.13626128053745257 0.0
-1.0858414591364913 1.0515208439570545 1.0
1.7186037392627274 -0.9104382893655876 0.0
-1.6345485780733395 -1.1950579799955023 0.0
-0.7199587621960006 0.26481628872204777 0.0
-0.9281537545151952 -1.215047688295654 1.0
1.3779804876105337 -0.8233448590886687 0.0
0.38698061625131785 1.7201036759649813 1.0
-1.5452775614851086 -1.3591872491389303 0.0
1.2291372134817182 0.02731848844579865 0.0
-1.3247993998847623 -1.247942715252159 1.0
0.8179962010762729 -1.2562557585754268 1.0
0.23586800251869278 -0.9865087777068022 1.0
-0.552397987595616 -0.029576213997570378 1.0
1.4943137460357754 -1.391672199969257 1.0
0.3986662163618866 -1.4856845526832734 1.0
1.8897387083217922 -0.12720858953490177 1.0
1.9660665324236928 -0.5576750649026554 0.0
-1.066792681321937 0.11640299276117361 0.0
-0.8078620528033067 -0.5835983799488398 1.0
-1.676941103666111 -1.222578198586608 0.0
-1.6937759216559325 -1.504639230707768 0.0
-0.8696232613218324 -1.8981143035901225 0.0
1.1365858755856393 -0.3514709271048453 0.0
-0.8001758549017111 0.652913996445498 1.0
1.3927342947913903 1.0392971370049975 1.0
1.9601167489262008 -0.9130898665529306 0.0
-0.687544083881094 -0.8917332313840358 1.0
-1.3321173337189798 -1.369941755741909 1.0
-1.1115930456058747 0.6570068786219454 1.0
-0.30191798787894175 0.9769508182332212 1.0
-0.7149974765305678 -0.5811543028401407 1.0
-0.9279240525395318 1.680870433723069 1.0
-1.2928220725999058 1.107604988215317 1.0
0.08407257828135695 1.7647219009283037 1.0
-1.8716730421310142 -0.356410748838202 0.0
1.2671956841831689 -1.4249758008111528 1.0
-0.8753547011429625 1.4749783921587412 1.0
1.3480510663412066 1.222815743468444 1.0
1.3858385726028883 1.782468962373963 1.0
-0.9867739445775237 1.664668324026906 1.0
1.8264770742408976 -0.6959482871693727 0.0
-1.9208132604441976 -1.0416708329572062 0.0
1.6429122530949445 0.3494126347647599 1.0
-1.9100418974541569 -0.640438346799082 0.0
1.2255131553088798 -1.0430146396679691 0.0
0.7582082352367321 1.7655564636371297 1.0
1.256094486646211 1.3096700686703064 1.0
-0.8248838720577463 1.6887833249696866 0.0
-1.3553393642743679 1.938552181890576 0.0
0.08569863001654987 -0.33634445288154646 1.0
0.40119012146855715 -1.641535049650951 1.0
0.9057328415449657 1.818357648676109 1.0
-1.0102769899669517 1.3001236805498402 1.0
0.854333205290513 0.17691619291024008 0.0
1.9174279557711222 1.8766226537867086 0.0
-0.8764407930460472 -1.9366018292978069 0.0
-0.5847192758134065 0.2821470006406046 1.0
-1.2196751437999955 1.3269015184537785 1.0
-1.6975545089048425 -1.6920422048902894 0.0
-1.0126910901542558 -0.3514387521415472 0.0
-0.302513650582525 -0.6300214052654582 1.0
-1.4589500882193436 -0.34357193623826854 1.0
1.1701675491513157 -0.10443975842962017 0.0
1.5023935919452058 1.6880692775768722 1.0
1.642490945596279 1.4163155120837354 1.0
0.09424590717156267 -1.4400646553645347 1.0
-1.492666366536187 -1.8161544481760976 0.0
0.11128760157269113 0.16380256698434303 1.0
-1.1403065107720711 0.9357719375787767 1.0
0.17569249120634467 -1.0185789077133607 1.0
0.7031671104436117 0.5697025496793828 0.0
1.2851871597890927 0.6340567681277638 0.0
-1.05932175227434 1.2008179812436466 1.0
1.4729101453612659 0.5942233030464248 0.0
-1.6853043155291134 -0.519764673619417 0.0
1.8570697001544638 0.11686665865517831 1.0
1.8842258382676311 1.7841316140831651 0.0
1.1073858069201163 -1.479905061602795 1.0
-1.8477995605445714 1.738321630442179 0.0
0.6502603845811619 1.3756984778488768 1.0
0.32712350134130386 1.0936326864845607 1.0
1.3493763268148902 -1.965976595514976 0.0
1.3230225548819212 -1.5311125923417 1.0
-0.6902482396832643 -0.6274093803620131 1.0
0.7660011930065629 1.448953062991647 1.0
-0.4042117286074789 -1.1576997246547895 1.0
-0.41282440893431316 0.9591128692117126 0.0
-1.4158150103306548 0.3828480910037273 1.0
0.6010227078455928 -1.1554494008491134 1.0
-0.201039949409187 1.3057239163486458 1.0
-0.052159816179939256 1.0829457496978048 1.0
0.31625814168772814 -0.4728725338447579 1.0
-0.2182913227811536 -1.468288908703618 1.0
1.1712347557752198 0.9630236326079551 1.0
0.8193248814550893 -0.4493744821694312 0.0
1.481375761724935 -1.011311117400012 0.0
-1.0855973720218204 -1.2980995173251793 1.0
-1.1845803028628406 -1.638071595897062 1.0
-1.7817688084830867 0.33217431286528676 0.0
1.6289554457581032 -0.24290111453690955 1.0
-0.44831741769965694 0.6333596591816426 0.0
-0.6418047390907287 -0.7762860730298047 1.0
0.6401771658383528 0.4220939838860982 0.0
-0.12598158960670158 -1.0102963585792195 1.0
0.3357539103020142 0.11877947776889375 0.0
0.03510289289094226 0.965705962375432 1.0
0.3926864679255866 -1.545731429550886 1.0
1.0310078317661633 1.567673772223411 1.0
1.4712073814792763 -0.03294930887704872 0.0
0.33887258143903054 0.5974422986633536 1.0
0.23196670855192636 0.5183317222448438 1.0
0.22417527562787587 1.9242035495279035 1.0
-0.33604748066662404 0.28921925205886456 1.0
0.5525310044091656 -0.15190924505644032 0.0
-1.3453779695360262 -1.699363409785895 0.0
1.8576862498004156 0.4499594776766327 0.0
-1.5463798850148778 -1.5107626215139018 0.0
-1.8392291271103325 -0.0989010280723499 0.0
-0.8473345676392818 0.3150559689288821 0.0
1.301358885086314 -0.9308184050439259 0.0
1.5898562426535512 1.0459573265765671 1.0
-0.34796966615797587 -0.5639347136301915 0.0
0.09886382406342609 0.18206208692624282 1.0
-1.1475868835211132 -0.5578005948435587 1.0
-0.6028936413778534 0.28734888266191794 1.0
0.8722025513007683 1.7101335310663837 1.0
1.3718079615711845 0.8647702212010366 0.0
-0.04279337461043742 -1.0473844339797598 1.0
-1.4314383387727756 0.8731429486477089 1.0
1.2949375604476732 -1.6139916849114098 1.0
1.128063657506678 1.9773981465239028 1.0
-0.8397476787049754 -0.6220170613077931 1.0
1.37230611725249 -0.19513840890257672 0.0
-0.9547175961708172 0.20628003134524198 0.0
1.7338666659452704 1.8156899200703616 0.0
0.6476647901464703 0.9846594187926594 1.0
1.5113547243442382 1.3247323995340103 1.0
1.8042322668984943 -1.7174046858845031 0.0
0.9597800112682711 -0.13891253530773184 0.0
0.8348593932096238 -0.07254261641094129 0.0
0.06017797733757302 0.20418197630812696 1.0
-0.5371943376661532 0.2861788529718332 1.0
0.04716588907871522 0.7004053809052246 1.0
1.5266990494741588 0.967912954846994 1.0
0.05458075979989685 1.1402761748771404 1.0
1.2701875519555985 -1.5626601881555513 1.0
-1.0295888124775563 1.6201919160772773 1.0
1.4127069764074376 0.05896883147368426 0.0
1.6770591160889108 0.7788232215267374 0.0
-1.6389079029356513 1.5201512348388246 0.0
0.7767716430864104 -1.3432073000105098 1.0
1.518371889410556 1.5284950957088013 1.0
0.7140228922697776 1.8961050618385595 1.0
0.7894404856504598 -1.8646444100304134 1.0
1.4332242207751866 -1.2609594832791213 1.0
1.977990232521123 0.5754101354095402 0.0
-0.2312501425924931 0.2557293010069812 1.0
1.5272354961491028 1.125011392673454 1.0
-1.7103418020570107 -0.31864919311249906 0.0
-1.054768386516955 -1.3648381865632366 1.0
-1.1739596077090448 0.9125264735324836 1.0
-1.2205636378682265 -0.7656888501651173 1.0
1.262317455088105 1.0276547307991186 1.0
1.8176393382925928 -1.8469576480460468 0.0
-1.9214425349051534 0.33010359499918485 0.0
-0.8769224520497785 -1.100656728472864 1.0
-1.6193132440796774 -1.7555462311833208 0.0
-0.721488003034739 -1.879905741747514 0.0
0.9616386780816573 0.41950279834689663 0.0
0.7403774940520673 -0.8788877743495824 1.0
0.9739401669663668 -1.161227241715899 1.0
-0.5770308303572631 -0.8051293395997625 0.0
-0.24780046492489793 -0.299689924915878 1.0
-0.5608937510523075 0.049786966468368554 0.0
-1.6815754112452428 -0.07490962432664272 1.0
0.4391740508517272 1.4032553457491126 1.0
1.5742178303900647 -0.4695051577479874 0.0
0.43860966234219845 1.7598740902262135 1.0
1.7480033750591804 0.2157794637073307 1.0
1.0421138522725264 -0.2900448209693227 0.0
0.40627949056257195 -1.0416095224442259 1.0
-1.9032338095253816 -0.5450791154826611 0.0
1.063339060718064 0.8304320214264389 1.0
-0.06675213896068932 -1.0033663614949413 1.0
-0.8161723687679032 0.3617346009348039 0.0
1.9834906957040004 1.8505464095007729 0.0
-0.3785638391994306 -1.3225497046600485 1.0
1.064063704195779 -0.71759589444504 0.0
-1.2001995124513813 0.13666584293864448 0.0
1.371838305785217 0.48384960139563216 0.0
-1.420167771349023 0.7116539759063127 1.0
1.5688530480067393 -1.2076171670931943 1.0
0.7866216221838562 0.09070503750452907 0.0
1.7051464465374675 1.1184536703816117 0.0
-1.7191404708538114 1.9708668960950693 0.0
1.9414037348248656 -1.6569310439392284 0.0
0.08278068000158356 1.477073681284109 1.0
-0.39679521246497007 0.04903751217231145 1.0
1.4130537361603248 -0.8758523209584497 0.0
1.0298493012157266 -0.3775197212287682 0.0
-0.2697977883754148 0.5870217589550664 1.0
0.09733512695999957 -1.1997018515467976 1.0
1.894391460723266 -1.796250233051409 0.0
0.08022191919953103 -1.3418548777131138 1.0
1.838445850566778 -1.688728023701214 0.0
0.007815940522021503 -1.2100577938730783 1.0
0.70456376141003 0.684755015420043 0.0
-1.779803129770579 0.8493945615579075 0.0
1.2714034638893246 -0.8152998033264423 0.0
0.8626491438760082 0.7074866790803114 0.0
0.18041774618555184 1.646633880215508 1.0
-0.6053788999120422 -0.39914180615597816 1.0
0.6458954351641819 -1.7711294493815197 1.0
0.5197005100810901 -1.3498827509536366 1.0
-0.24096264068060602 -1.201873340436495 1.0
-1.5925024387524234 1.6224883922994149 0.0
-1.9442397250658376 -1.0731217948004592 0.0
-0.3043550370986421 -1.570731555736823 1.0
0.4842647019667794 -1.4090927676242528 1.0
-1.8773933565933794 -0.19259897786167235 0.0
0.5470632127214481 1.5138334773454813 1.0
-1.773297355532649 1.5039447960260883 0.0
-0.8399610587083663 -0.7805515824997191 1.0
-0.5650026816299389 -1.3952838409711803 1.0
-1.3590792695318639 1.1728176073086773 1.0
-1.607066171659132 -1.4199424824944633 0.0
-1.4378929404409617 -1.564950282301596 0.0
-0.9521656283693991 -0.5384648430925232 1.0
-1.8491406488305127 -1.8681684690489835 0.0
0.9601235780422734 -0.8440485152626005 0.0
-0.7981028721055452 -1.4259284488378592 1.0
-1.7098627877118533 -1.6662734263902337 0.0
-0.6185486914895018 0.11209544236865643 0.0
-1.202273493195317 -0.34375356128930745 0.0
1.2571017962010504 1.757214981599183 1.0
-1.1688961675974516 1.1125766823197378 1.0
-0.7649387567794625 1.8011141419902117 0.0
-1.91413674950575 0.5077842997062296 0.0
-1.3768707666453928 -1.9235484267762155 0.0
0.5900191000082486 -1.8644831302152953 0.0
-0.7755308890058372 -0.476999805426527 1.0
-1.7789072044828091 -0.16023574565177956 0.0
-1.6473798907090926 0.32378538854518046 1.0
-1.8470150527485547 -0.05657629518415419 0.0
0.7083716460727265 1.8089228558940276 1.0
0.5858998736070822 1.5165337497817082 1.0
-1.598033730054346 -0.21672692469904886 1.0
-0.33121488441595925 1.8202431259658605 1.0
-1.9019729705355974 -1.4943600510747355 0.0
0.02419249576171323 1.4245877834677745 1.0
1.5712901778752006 0.8985706133851474 0.0
-0.9061427355986966 -0.6484358793794809 1.0
-0.15474393481307613 1.5401434354416286 1.0
1.2870312263756016 -0.9335065709223032 0.0
1.1417586931862513 1.285301824237734 1.0
-1.1270599025410752 -0.5121561707803566 1.0
-1.1425976153282114 -0.4379122975884213 1.0
1.8875656333480269 -1.6593998064502977 0.0
-0.47080102117899836 -0.7734664650775369 0.0
-0.7640917245665664 -1.4619946956763914 1.0
-1.1224148424557434 -0.0863708972917796 0.0
-1.8882447407164915 -1.4068507978040778 0.0
0.43625106181636575 -1.3894719949019971 1.0
0.8819732211737099 0.25161200534181116 0.0
-1.261805748527904 -0.511188861984385 1.0
0.426161128021493 0.1237910394845727 0.0
1.413215787631358 0.9739830073261273 1.0
0.8247016926085462 1.6878476057578853 1.0
-1.4816799495039659 -0.5371550348174639 1.0
-1.993800181811468 0.2641451438590128 0.0
-0.451280790666742 -1.518826996156974 1.0
0.02279807898541364 -0.054966715265909016 1.0
-0.3669802919936691 -1.0068975382427756 1.0
1.55058869983195 -1.5606653657013112 1.0
0.908571341507193 1.2057705279524296 1.0
1.9558778769103706 0.09532471751424199 0.0
-1.0111805837691317 -1.9256907953917692 0.0
1.9281090743795914 -1.7896461318167858 0.0
0.9817304874160917 0.03539081566949687 0.0
-1.3158406131613063 1.0330405318042004 1.0
-0.594241696122316 1.7274410667840003 0.0
-1.1589604425093625 -1.1862943498144598 1.0
-0.44858242233417034 0.4220353281243834 1.0
1.3725180823570589 1.8719580476352524 1.0
0.6519927384295889 -1.974393769300701 0.0
-1.0859035426160375 0.6788378918458324 1.0
-1.0814016275641682 -0.7782556946649386 1.0
-0.7554271799738279 -1.2129231717047797 1.0
0.8617939397589622 -0.8157166575250008 0.0
1.3493469939361016 0.0683010039251335 0.0
-0.2956086543091274 0.9418303701788542 1.0
0.021977224715139965 0.05400913018170517 1.0
-1.6662127756563239 -0.2128013560697437 1.0
1.2693613026184254 -0.7761938588998114 0.0
-1.0953608614227588 -1.365979400373714 1.0
-1.1341997506693091 0.8104329608677414 1.0
-0.9259114617644855 -1.1351933037800421 1.0
1.0043048877382073 1.460808040572375 1.0
1.185969714430036 -0.5461889651525786 0.0
-0.1396596076346106 -1.7803761614398224 1.0
0.3891756773146189 -1.3564571263920109 1.0
-1.3217530201569185 -0.4041328413682006 1.0
0.8856821876477188 -0.09599256565248915 0.0
-1.6314270911741793 0.7426285664579928 1.0
-1.125573133057197 -1.5786369657822932 1.0
0.47959440174216894 0.10803708124504707 0.0
0.4881179184186504 1.0041537502915698 1.0
0.38923208887678884 0.6350371963282866 1.0
0.8883719756602737 -0.16237560381069072 0.0
-1.5724277607263248 -0.07961721816017642 1.0
-1.2612735791262653 -0.40539192743719754 1.0
-0.718297611072868 -0.23402791057059913 0.0
-0.3066181633712515 0.1335733327064288 1.0
-1.9126775036267647 -0.771647918419978 0.0
1.7874794197153987 1.7627096969770726 0.0
1.3809083792230177 0.10596634159382434 0.0
-0.3501071717744888 1.7657620593203145 1.0
-1.2066288102033633 -0.8388101536585961 1.0
0.7425119904922881 -0.768205499114428 0.0
0.36316116491512407 -0.87645408754467 1.0
-0.20045053229840937 -1.4535532160699671 1.0
-0.09442484370885662 1.6718700286032115 1.0
-0.2588156429908328 1.316338982539103 1.0
0.599086866331902 -0.4225825576876434 0.0
-1.7084948097386738 0.13113219389806252 0.0
-0.46078460895776185 0.06323133920930823 1.0
-1.0198983254266705 -1.699526358821763 1.0
1.7553743874881151 1.1554668041717369 0.0
1.2089984033529118 0.22672391456792518 0.0
0.20184406835705682 0.6700781779915794 1.0
-1.0411413602634525 1.7055773083568475 1.0
-0.5681475437188177 -1.2930093632860222 0.0
-0.5251308990213532 0.45723791854900364 1.0
1.3782103883970471 -1.9276251560051314 0.0
0.4794685550420059 0.7326245950560657 1.0
-0.778818735950086 1.111637415920557 1.0
1.300611207512821 1.8007589895472966 1.0
0.5871414172908276 0.9084728548922127 1.0
-0.14105449407890713 -1.2338409958805765 1.0
-1.1905160459712456 -1.236254484993144 1.0
1.666792679622132 -0.04650944018176606 1.0
1.1326138743605374 -1.9594159017211337 1.0
-0.6784827837302965 0.564545971093128 1.0
-0.24851954019757505 -0.7509474425273899 1.0
1.676741921494889 1.2000407223054874 1.0
-1.2125953131078644 -1.349178839119194 1.0
-1.1090347957524802 1.351684243860754 1.0
1.8743495609068717 -0.438171478118925 1.0
-1.7536552218105275 -0.7943869779774224 0.0
1.951890997188661 0.42440655048995257 0.0
1.3932225150243416 -0.5912980483424333 0.0
-0.0982805455807938 -1.1938588026953867 1.0
-0.14642888279849542 -1.1154678565639107 1.0
1.0198475195094936 -1.9324679633268445 1.0
0.27660335477223885 1.339505743540466 1.0
-1.2532700597650637 -0.36053844569848836 0.0
-0.7797365827129203 -0.31101635216293566 0.0
1.4470385869087812 -1.999985438841112 0.0
-1.5923047447913588 -1.879301729298688 0.0
-1.9086096710698182 -0.7070757575064355 0.0
0.24820002459443158 1.737295596147558 1.0
1.5488806575453329 -1.9800703981144392 0.0
-1.3334570153612488 1.3507041549127101 1.0
-0.01222322715234947 -1.878504566495963 1.0
0.01942029398362699 0.3686312878241762 1.0
0.46042376572472943 1.1748981113089512 1.0
0.8089639279401499 -0.2576574720925455 0.0
1.1795002021163667 0.20666402622183222 0.0
-1.1788685322199774 1.867664992675012 0.0
0.8028731344619717 -1.2406675342013376 1.0
0.5173463461281442 -1.1660125070817307 1.0
-0.6747346524964417 -0.7861174402898214 1.0
1.2299705987411 1.638860864433406 1.0
-0.29400608100033976 1.9726961492048765 0.0
0.45721265188828797 1.8274898202317793 0.0
0.354478646731498 0.35252266418597333 0.0
-0.5303127872043834 1.0588309932968514 0.0
-0.8133923572172845 1.9024764136573444 0.0
-1.7968343732929872 -1.9189391519479888 0.0
1.8152685667327164 0.8040572596806146 0.0
-1.6349505482733306 0.24772732002040865 1.0
0.3108090098697449 -0.9011628921115369 1.0
-1.3120872218445943 0.0939050402201067 0.0
-0.026962812262553815 1.145772294731453 1.0
-0.5225062008977903 0.8413759937593133 0.0
0.29230569140948504 -0.8770684150980581 1.0
0.7444948019842661 0.22582044218349617 0.0
0.5923964933339079 -0.24194862655510452 0.0
-0.8865858817096806 -1.4008188446559218 1.0
-1.9407362209731143 -1.3081258204343285 0.0
1.343286278129026 1.762087792365703 1.0
-1.962882973584235 -1.6339907367241797 0.0
-1.9782563019882118 -1.0251570839232844 0.0
-0.05379291063636327 1.5255302011532974 1.0
-0.2465628335020731 0.629203292480847 1.0
-0.6923131651180454 1.2051893191916885 0.0
0.38756211733889456 1.0613439540628904 1.0
0.4419679481401606 0.4266657796301754 0.0
0.030726133722935423 1.9080325779248457 1.0
1.615524274725876 -1.5944150670539416 0.0
1.9668069817297478 0.7206811625703695 0.0
-1.4609804029975222 -1.7215540023554419 0.0
0.3317127047980559 0.597338968930262 1.0
0.46620771662610005 1.2231385725179922 1.0
0.2476217982660578 -0.10941994793567877 0.0
-1.3285205934661888 -1.8633278698159175 0.0
0.12514191916867956 -0.7150773442883942 1.0
-1.9520129291747028 1.3616349813077138 0.0
-0.9729929219586615 -0.48064033358168823 1.0
0.04685103090209397 -0.7633768612994927 1.0
1.2614931664117282 1.040860301339543 1.0
1.0618712973656232 -0.9607004945333228 0.0
-1.509856446379938 -1.7743907210764518 0.0
-1.2573068922970916 1.000224844074713 1.0
-1.1316438145551277 1.6633728486345185 1.0
-1.9654304043835142 -1.3349883434445733 0.0
1.4562958615789396 -0.03453430858456441 0.0
-1.8028671955359585 -1.515427720471827 0.0
0.07437220091093089 1.2606909165492817 1.0
-0.17467748845348252 0.006624506668702956 0.0
1.9905905534112942 1.801812005487299 0.0
0.6951542895229599 0.4736870787243457 0.0
0.6833966398726212 -0.33424480278112867 0.0
-1.4229665776867022 1.981763672006438 0.0
0.0920460543598951 -1.943828004828334 1.0
0.12467123836555905 -1.3939295251835486 1.0
-0.37521375341971375 1.2677473189064403 1.0
-0.21090456168312466 -0.7861247550049759 1.0
0.21298332599967695 -1.4576153589067369 1.0
1.1369962876150632 1.6885762394043833 1.0
0.09973903219748426 0.815334966910024 1.0
-0.18332370413153498 0.5673537130195219 1.0
-1.6689992295628033 0.5770192486170034 0.0
1.5123819824914375 0.3918179409257654 0.0
0.2510985847045242 0.8180932309596036 1.0
1.1022825637520741 -1.550407620371122 1.0
-1.7130768078268628 -1.5028506001717927 0.0
0.3463730211448297 -1.2394115906156293 1.0
1.0321126163608487 0.713034496938616 0.0
1.0772923510652035 -0.32753571501262346 0.0
-1.1096579073084984 0.14860839763699785 0.0
-0.3845914477104797 0.41869941380273756 0.0
0.5768621925656965 -0.06229897385455718 0.0
-0.07197110696731723 0.7362015553821593 1.0
1.8883121678516899 -1.2307261115934724 0.0
-1.5319576780955044 -0.7493799930486511 1.0
1.8807336033440296 -0.792360161096914 0.0
1.1565156959216258 0.0925952190472108 0.0
0.36105804947367615 -0.6442138111178579 1.0
-1.5301107997166632 0.33486682044475957 1.0
1.1212303786984328 -0.24398345451475212 0.0
1.1239752618430425 1.948097288251037 1.0
1.3232028897045827 -1.3368412216638546 1.0
-1.7147815114021854 -0.8061828958975292 0.0
-1.865617819060319 0.0793109302988344 0.0
0.2933674898991705 -0.6372985840339087 1.0
1.9112911709931648 1.8138955393428131 0.0
-1.0001986966133338 0.9429421869280992 1.0
1.7639441677666765 1.0469061444560008 0.0
0.8623350396776188 0.3616698580705724 0.0
-1.658582669732723 -1.3724097804836628 0.0
0.7932177144330277 -1.4178510495151304 1.0
0.4718360765918814 -1.2544315278271823 1.0
1.4487804262783444 -1.7697834528270073 1.0
1.3384488775173065 0.10904941156120573 0.0
-0.7330544820476645 -1.840070971697524 0.0
-1.7465557928013276 1.8252670430622233 0.0
1.5567006762817401 -1.0430940363085943 0.0
-0.33740282636456076 -1.895650406194898 1.0
1.3889977347878601 0.1619286947928784 0.0
1.3643116690147137 0.32567751750861307 0.0
1.6247873205468442 1.491149338492701 1.0
0.20616162587774722 0.9332059994284654 1.0
-0.6878819658600235 -1.965330805284486 0.0
-0.45320423657054176 1.4028958660414506 1.0
1.577143931410251 1.8910234857929207 0.0
-0.733258804570931 -0.8633113219943946 1.0
1.6127524542560048 -1.3413941001740879 1.0
1.7070740677402578 -0.6650602139852433 0.0
-1.7525914838015888 -1.8140573078591458 0.0
1.9989909545360112 -1.2767413764385895 0.0
0.3557277881742693 1.9421869823076676 0.0
0.44565447913879774 -1.2520890393479562 1.0
1.030284652145025 0.9881528035730889 1.0
1.0010736017104565 -1.0675424589376332 1.0
0.6556618672600405 -1.837989445255487 1.0
0.7855490522841158 -0.20765093416120406 0.0
-0.4416826046562061 1.6557626570104285 1.0
1.2520384001561462 -1.8768175048999716 1.0
-1.453601536940241 0.008066094326161455 1.0
-1.433158919698445 1.7358527630122946 0.0
-0.19690255935167844 -0.4264256377863336 1.0
-0.48225014145511746 0.8806827928437633 0.0
-1.374200550694784 0.865030303587464 1.0
1.6221551769887306 -1.1026974971710741 0.0
-1.1181239420593614 -1.1431455011604998 1.0
-0.04905126130575077 -1.4276536754899833 1.0
-1.024734981440627 -0.1358373396831638 0.0
0.5590837132657929 -1.3451595863292662 1.0
1.9146946269052565 -1.9837315259381012 0.0
1.9939768796459392 0.055119532897867085 0.0
1.1619167796203178 0.01305434377060255 0.0
1.8052669330666582 0.266653953496065 1.0
1.088355120309724 0.4113399312349828 0.0
-1.3171997196170193 1.5835440982782987 0.0
0.756178195382085 -1.3231479132290644 1.0
-0.07489537016750925 -1.8284412968083985 1.0
-0.1736094654871203 1.9441624118811935 1.0
-1.1992668580490746 -1.749324448184686 0.0
-1.0811513887068966 0.8851698745383318 1.0
-1.421237344308801 -1.0772182985592091 1.0
1.6262861197577911 -1.568514573401925 0.0
-1.5618310999970082 -1.0964535061923701 0.0
-1.554456022187607 -0.6280251462526985 1.0
-0.5340709277324058 -0.12276782780436601 1.0
-1.5529272040104871 1.935013357473701 0.0
-0.8550355734758135 -0.8049230079211314 1.0
-1.0529426015164471 -1.2537962350320635 1.0
-0.853239514685912 -0.7201455709388216 1.0
0.9629864200130007 0.658730521460817 0.0
-1.4108612674039387 -0.360223503155237 1.0
0.5211997088635711 0.5505805715482293 0.0
-0.4627549643367508 1.7270697846075227 1.0
0.4484239832418866 -1.3522821474662243 1.0
-1.7808234905152789 0.2676583410073907 0.0
0.511393825878883 -0.9247080015102123 1.0
0.5779385473832765 -1.2551083577544286 1.0
-1.2881694430149468 -0.4361843545511128 1.0
0.9930786297689398 1.400089008901102 1.0
1.7252171273098047 -1.1970512439099292 0.0
-0.8657891158882443 1.0963173547594756 1.0
-1.273897289867445 -0.6758498559451205 1.0
0.6185831911470734 1.4500053235986257 1.0
-0.8771796790764248 -0.9746898998854121 1.0
-1.8627403076942257 0.8152038332248801 0.0
-0.4422011544908515 1.3194993064891967 1.0
1.3697230129186604 -0.279410673520438 0.0
-1.286244508522545 -0.3588343440916866 1.0
-1.658953250488997 -1.2169488875690697 0.0
1.1464270532530056 -1.1053614079706842 1.0
0.14419465554423283 1.2980565880730328 1.0
0.9488230046900159 1.5798599219231049 1.0
-0.27747623531486365 -1.4356772260020878 1.0
-1.6675279411817328 0.4096823797719247 1.0
-1.4061170377879537 -1.3339363624895038 1.0
1.5128457107145157 0.48555863733246296 0.0
0.1761876533954383 1.6688357122540016 1.0
-0.5239462777102677 0.432521721286069 1.0
0.6285990856928878 -0.9757674947882471 1.0
1.65181103451811 0.25069069353009654 1.0
1.2950663244070268 1.300311226593307 1.0
-0.17934096898125595 0.3263725768764796 1.0
-0.8457323329042556 0.9147260937962214 1.0
-0.15578476981631928 -0.24524942387722648 1.0
0.021463735682645257 -1.0980270437659105 1.0
1.5707684429872888 1.5857489841501269 1.0
-1.8265324501883522 -0.6494983220419437 0.0
1.4774392609126266 -1.2738437716249664 1.0
0.24156097603402538 0.639374583042339 1.0
-0.1426632593530388 -1.3995786231929785 1.0
1.1479087114251092 0.3121988067764634 0.0
-1.0923802223848447 -1.9096994547065402 0.0
-1.8687348931013221 -0.9306717108096625 0.0
0.5203490716569532 1.0500503113844823 1.0
-1.9324817499539186 1.572303106694294 0.0
-0.6922394199639768 1.478097355190663 1.0
0.29197931854100734 -0.5583174797779011 1.0
-1.0051403139527797 -0.6376474671804981 1.0
0.6094165100554543 0.4144691761267745 0.0
-1.3549824726161068 -1.1350778626999878 1.0
-1.2921105829648512 -1.5614545117162084 1.0
-1.4613224083226926 -1.6313169002115329 0.0
0.676416333076733 -0.03424125562412117 0.0
0.7451038998280959 1.6822274486399675 1.0
-0.18737528131110182 -0.2727664549396245 1.0
-0.7916161173257392 1.7633356882632527 0.0
1.8129111408600083 1.220097283893978 0.0
1.019912156333112 -1.6483996837297696 1.0
-1.964114099583186 -1.460610823483373 0.0
-1.2829614984442728 0.5921216622632324 1.0
-0.575468135263336 0.4547300401565071 1.0
1.0742928076844813 1.3700768890997237 1.0
-1.6417328772565378 -0.396953360503411 1.0
-0.03511085849079976 -1.6924680598194448 1.0
-0.9745345047014604 1.5903405470659204 1.0
0.5758776653307751 0.18373524314661882 0.0
0.6141030552208551 -0.8788608922534924 1.0
1.0839136294107834 -0.4039871080794297 0.0
0.013062331906596114 -0.44221084207306527 1.0
-1.0288242743892142 0.8716446650905376 1.0
1.411839727655904 1.031555726980823 1.0
1.1740851425873098 -1.1492970112167904 1.0
-1.2347723148080916 1.4363152027744088 1.0
1.6984688257316871 0.685342591670528 0.0
-0.22899344961695345 -0.09254020693119802 0.0
-1.7618164985406786 -0.8825684716362354 0.0
0.7638281598685319 0.6096703164133457 0.0
-0.8724517119350872 1.1476796963906053 1.0
1.103461028251759 1.937168757468974 1.0
1.8331917602635297 -0.6666732094669503 0.0
-1.2694652617237492 1.5641614584396253 1.0
1.1236632172021381 1.967241002046816 1.0
0.14486293380379722 0.47888455331964686 1.0
1.0692013847483643 -1.0001407263955646 0.0
-0.13163298188596295 1.8133869432068264 1.0
-1.6084520294160876 0.9279695670410306 0.0
-0.474699090804898 -1.433161985704777 1.0
-0.3516013456856202 -1.121084645525662 1.0
1.7050155998873695 -0.1851755798244854 1.0
-0.41056789591278475 0.2975058944475859 1.0
1.6554350985411381 1.927703508988472 0.0
-0.04111339749537146 -0.35608183825900097 1.0
-0.2935611022401319 1.3264205488502636 1.0
1.825638807420288 0.0015886828066991043 1.0
0.4962227630129874 -0.8998660022483085 1.0
-1.9838673330203633 -0.3508301474199089 0.0
1.4497328495134325 1.6670669501428939 1.0
-0.5141082757205391 1.5692913694650783 1.0
-1.5484689598249863 -1.2898819046526029 0.0
-0.5010956118114107 0.7429528025499317 0.0
-1.76868047090182 -0.2911155749052554 0.0
1.196553409089868 -0.10573235164175898 0.0
-0.02277539545058671 -0.2982225296085854 1.0
-0.1519745770415173 1.042563212826901 1.0
0.8932931251564886 -1.3129082880214078 1.0
-1.3845881250100036 -1.9195628015429054 0.0
-1.983217657954953 0.7273410268659735 0.0
-1.109748684328082 -1.9729636910547748 0.0
1.2182456448763839 -0.6547720215903787 0.0
-1.7378059938212655 -0.5781490090030585 0.0
-1.4834087668680511 -1.3767180434834612 0.0
1.7270304933185008 -0.3207605537680358 1.0
1.1220787112297637 -1.8399160541037052 1.0
0.1000985462778754 -0.8016893483946999 1.0
-0.8762572375960342 -0.9170727577249087 1.0
-1.2543720393731141 -0.3426734013184829 0.0
1.0152920460583257 -0.4577355079908463 0.0
0.9644157474910378 -0.0690601820249972 0.0
-1.3521388391679627 0.27358898425394473 0.0
-0.4534573398094093 1.0503355326223955 0.0
-1.9356444991034945 -0.8449097959568075 0.0
-1.1984745100619776 0.19259640210409668 0.0
0.3256560468183287 1.0870970652071263 1.0
-0.7863603352635304 -1.9894943153198792 0.0
-0.7433989907920715 1.5217667160630493 1.0
0.06751392526865807 0.31438593950276905 1.0
-0.6969073860720885 0.8629804002804828 1.0
0.8876039479647542 1.4983011835862694 1.0
1.48133507798818 0.9315577455525696 1.0
-0.09453759859376243 -1.7325072171207525 1.0
1.2613192978589374 -0.10786408938452219 0.0
-0.2762751050813814 -1.7916089247938385 1.0
0.9641933462497843 0.7009408315856782 0.0
-0.363028892730346 1.9468151112584962 0.0
0.6730015316996134 -1.1938050642307996 1.0
-1.6582468397783465 1.820042164733756 0.0
0.8875570516958957 -1.5286860042876755 1.0
-0.39351850297024304 -1.2556534641941908 1.0
-0.7411989547392785 -1.618156926603202 0.0
-0.4654892180690342 -0.41024416891469784 1.0
1.5187593467976939 -1.3970416749376993 1.0
0.7673306618813678 0.39642960226114976 0.0
-0.4914799267039123 -0.7842191844776858 0.0
-1.1243893931518087 1.9769252128686303 0.0
0.4566407232241403 1.4230231166119895 1.0
-0.14177335592592755 1.3768942300931246 1.0
0.19345687710610404 -0.05205539926604219 0.0
0.46184400226382927 -0.4325163219409216 0.0
-0.388902320460621 -1.1516650978369665 1.0
0.7465901073088554 -0.6690734985158979 0.0
-1.3940019068570084 -1.1031836276876703 1.0
-0.31652134322630276 1.1040693337876224 1.0
0.5591564189118778 -1.698945874047478 1.0
-1.6911631053248661 -1.1901790841855187 0.0
1.0382537405998704 -1.219385403249826 1.0
0.44648593919648905 0.8984996118898798 1.0
-0.9582069416432297 1.9549728071989905 0.0
-0.1941608088833231 -1.754355500379551 1.0
-1.3954441644417193 -1.2149228773950926 1.0
-0.11619815533073963 1.1467002936306345 1.0
1.8127169329954311 1.6620280285230646 0.0
-0.8036540954177664 -0.6844429621403028 1.0
0.4919395971696576 -0.2607631148640732 0.0
-1.620687208356435 -0.29039641151518447 1.0
0.20202662615583966 -1.0569337103964793 1.0
-1.386002201859648 1.8510330825393098 0.0
-0.10804720862922412 0.5622217353870136 1.0
-1.391111223282631 -0.6949420915683917 1.0
-1.2651362859765638 0.06067331593891101 0.0
0.6269464301646073 1.846394669945171 1.0
-1.9704284819802358 -0.36046807321718877 0.0
-0.5700294002480777 -0.9954677856149994 0.0
1.1854401962813559 1.6430434063666568 1.0
1.3132367066462272 -1.572774389584044 1.0
0.22437638030230822 0.7889691245202539 1.0
-1.0165752166228033 1.356028362483634 1.0
1.1361514430315296 -0.7212901996708028 0.0
0.48784931398238696 -1.2724913190361438 1.0
-1.9581789894283714 -0.9408932987040584 0.0
0.7207030112867874 -1.2913178969308161 1.0
0.23078289592203038 0.4714451505237811 1.0
1.364523624505897 -0.8258428012661172 0.0
1.5824398074559682 1.007117452286062 1.0
-0.14248036565211475 1.227937498284858 1.0
-1.2486984662052252 -1.0203275845632898 1.0
1.2700045021933968 -1.884681613846014 1.0
1.7678511386049363 1.5469595541756131 0.0
-1.603931222330766 0.18033988060998185 1.0
0.8226304262072008 1.369971166970437 1.0
0.45281138332503446 1.382191274781825 1.0
0.06772287656551645 -1.8737079612271637 1.0
0.9015387673930046 -0.7457139798361161 0.0
-1.6168448682381351 -1.071220363152221 0.0
-1.073921040103257 1.1806491298683923 1.0
1.348178439824975 0.45833558054167955 0.0
-0.49669811938232566 0.9378304189608349 0.0
0.3329490574969478 1.0272320178764311 1.0
-1.2298313972948538 0.9788768346766186 1.0
0.2474581641089535 -0.6368498136934102 1.0
-0.05185448343960086 0.5740898849509555 1.0
-0.4338615901394136 0.9217140423716064 0.0
-0.7961045119897916 -0.1324615314705495 0.0
1.6377675355046968 -0.6071693367147 0.0
0.24599940560981226 -0.11736218790976993 0.0
-0.7912070807448437 -0.8023250548700687 1.0
1.5476218287329981 1.1428525720216847 1.0
-0.6936626979556384 0.31804116668213167 0.0
-0.6888694073496628 1.3023466862252562 0.0
-0.11291340424135088 0.05496483631514826 0.0
-0.6129493079979018 -1.1084048058200642 0.0
0.3943455287281492 0.16826687076421187 0.0
-1.856090588728823 -0.47410317615549635 0.0
-0.2945269427699331 -1.8129245428835108 1.0
0.6507091026743574 -0.41185764531875835 0.0
-0.07397520206947794 -0.7349880789720906 1.0
-0.82368891786941 1.561886645465023 1.0
1.3710204643638302 -0.7415044246757425 0.0
0.38032307465314474 -1.7836865906496309 1.0
0.1923860269873221 0.6973191613106144 1.0
-1.3460296037047406 -0.07185281152434841 0.0
1.4411478765990973 1.6043170514678802 1.0
-0.3820175908196015 -1.5004079765938232 1.0
0.3807594683991158 -1.054182539045843 1.0
1.117115018925745 0.8562307227435908 1.0
-0.8704742418686031 -1.5595465536328503 1.0
-1.4484233734797671 0.29834502722145695 1.0
0.6783349297502168 -1.2204826616372242 1.0
0.28728969592686493 1.423349454862771 1.0
-1.1194984027515478 1.5883056284593033 1.0
0.6182765710456346 0.3989265862421032 0.0
-1.8808291079082187 0.0900874233000466 0.0
0.41255857831705045 0.2907647954223189 0.0
1.9698948501244882 -0.2088698758897043 0.0
1.6546057956820963 -1.8245426519418482 0.0
1.3719978262220018 -1.6544482631869193 1.0
-0.45178386956004957 -1.0905375035131728 0.0
1.785864291448405 0.04625793308612591 1.0
1.2798827770624777 -0.15629421906194585 0.0
-0.7064097474450666 0.43397382363650916 1.0
0.8950180491562691 -0.35047920667643284 0.0
-0.1349064587019435 0.17598983171438665 1.0
0.6308875597055783 1.4851787284260758 1.0
-0.15820463072956548 1.7507557917936598 1.0
0.9373370073651675 1.817916107949396 1.0
-0.15269406896201154 -1.5157757496119753 1.0
-1.4960417043359482 0.09045299248984362 1.0
1.5918719298640163 0.14298701673785885 1.0
0.33652014233343674 -0.5950819142227202 1.0
-0.5356724517855032 1.5841529803253902 1.0
-1.4814972687492016 -1.9687164639158081 0.0
-0.4082642056187038 1.432701240335149 1.0
-1.193911431589254 -0.666088822524542 1.0
-0.20591707768217749 -0.01759967671580931 0.0
-0.8975270836829434 -0.34328506560047467 0.0
-0.22632689617364177 1.79448507314837 1.0
1.5671030719606498 0.4940167281320691 0.0
1.4962995158554877 -1.145328956071849 0.0
0.9301724674631244 1.5751686859090128 1.0
-1.4809132911189504 0.9069340831836432 1.0
1.1104364565247957 -0.008674919144270099 0.0
0.5369295704316848 -0.009513263134940608 0.0
1.492526166930372 0.8059194548694486 0.0
0.47046161138993847 -1.8921240989885715 0.0
-1.9737644953472757 0.24976527290580686 0.0
-1.9366839267055456 -0.0066892323818574795 0.0
-0.939423329378759 -1.0031202814991804 1.0
-1.0742241022268995 1.3987374605886957 1.0
-0.6463178491332844 0.29804485657005664 1.0
0.03853231779510935 -1.581283396511656 1.0
0.4894218945062301 -0.2968716657988044 0.0
1.240213869683517 -0.3316721032404981 0.0
-0.12399964642176631 0.012598913874330542 0.0
-1.3268252274673928 1.382370171311277 1.0
-0.13999334353612802 1.0357334165307832 1.0
-1.3311511558578544 0.28715676130183043 0.0
0.09205845805652624 1.2991864013497056 1.0
-1.4606194059961348 -0.10792958557781507 1.0
-0.7728797419725821 -1.4037192345388352 1.0
-1.4560384663960044 -0.35544014082120556 1.0
0.6639733669100534 0.3403585667501017 0.0
0.17089601179584069 1.626444944045537 1.0
-1.5711148573297273 -0.4430951326458774 1.0
0.8855332064832009 -0.1914079726531126 0.0
0.5523277477568871 -1.2830946793427747 1.0
-1.453001414859815 -0.5687589804213151 1.0
1.3373892114161254 0.34739994370892324 0.0
-1.930715355219045 0.017482538711251827 0.0
-1.4870732532226323 -0.4735088037362236 1.0
-0.00024293918000184433 -0.19552492778168862 1.0
-1.8489639884746003 -0.42464910173325476 0.0
-1.7259753447419763 -0.6355105608158826 0.0
0.14157784235526494 1.392885933252681 1.0
0.9918090262862118 1.1636974483895761 1.0
1.9702652153148423 -0.16376576623563865 0.0
-0.7215329874980485 1.2987163955993841 1.0
-1.399370882312049 1.3912207653389994 1.0
0.055536464922000484 -0.3875064832425319 1.0
0.9462848942372082 -1.2221421041498957 1.0
-0.3346226624002333 1.5187046841331342 1.0
0.5057424831942203 -0.3534171234527186 0.0
-0.2142635087677025 1.0505138544495667 1.0
1.0513218381675804 -0.9908380803561427 0.0
-0.6903526601383496 1.4985375224259228 1.0
0.74526138948913 0.48087582025858655 0.0
-1.9102868863864741 -0.10015234789459626 0.0
-1.1024177063901774 -0.6784586878115517 1.0
-0.7655440522176988 0.5913385417868855 1.0
-0.9620571152452828 -1.5746970868174675 1.0
-0.24910315537865557 0.24982114605482142 0.0
-0.18889178964043074 -1.5203045498269625 1.0
-1.583494550408186 -0.703682217748931 1.0
-1.1404940342584422 1.861193962120871 0.0
0.9588426913939232 -0.42912881845262696 0.0
-1.6362335472319778 -0.7969190998850926 0.0
1.8241445318630984 -0.8331056493303506 0.0
1.7550126691323804 0.7562144974752623 0.0
-0.12045563953310179 0.32918058154755236 1.0
0.259914181161252 1.967350368700925 0.0
0.18858412945894765 0.5662095750235991 1.0
1.2973040537441962 -0.11923373199221698 0.0
-0.3934978028464742 1.5602628251347674 1.0
1.580644408482275 1.3777791858947204 1.0
1.2417035799179152 -0.46035991183209646 0.0
0.0775136902860627 0.8669951715549673 1.0
1.1857345889552118 -1.9056331818011008 1.0
-1.1456960252706678 1.7287878439087296 0.0
-0.5030507789676628 1.5375593865025086 1.0
0.836777295763758 1.4825580298722225 1.0
-1.5534413090125798 1.4058842457845246 0.0
0.2638712352926942 -1.836974487095679 1.0
1.0383277089074374 -0.6058763755721976 0.0
-1.5912852665195363 -1.6982928944098883 0.0
0.18240015065079573 1.326166822408069 1.0
1.557281160572158 -0.20595848318833054 1.0
-0.4051735260685554 -0.3633253455433403 1.0
1.7080476883846067 -1.7752840813736932 0.0
1.6655887709790438 1.149665548446258 1.0
0.9018336470458177 0.6386988879087667 0.0
0.8525568535673083 0.15428821349812694 0.0
0.7392343443883016 1.3246710839869271 1.0
1.838785211625415 -0.9419085783092602 0.0
1.7185777769540094 -1.9958214483202616 0.0
-1.6912403407094296 0.9275817496806145 0.0
-1.3571513842812495 -1.7320360553568848 0.0
-0.1974029625029563 0.981702728297376 1.0
1.5571189482172447 0.7646276797968992 0.0
1.131233996482742 -1.6594154856245469 1.0
1.3586672249185354 0.4524877560575975 0.0
0.7470131898001613 -1.6392554820192444 1.0
-1.488800987114859 1.2181387163235833 1.0
-0.7642865924476103 1.2170049771447826 1.0
-0.7239064044381034 -1.665149387907236 0.0
0.47524880897691935 -1.3699587119988816 1.0
-0.055252893946894144 -0.8314759038659636 1.0
-0.17206098172893292 1.153548911412697 1.0
0.47472960663499153 -0.8293017862536423 1.0
-1.8064751337136769 0.5200558320597706 0.0
-1.6569304489012437 -0.9790357873915347 0.0
0.69824710334183 0.16040084356756124 0.0
0.634478544038783 -0.9942811867797228 1.0
-0.017551644111506448 1.4965605930296908 1.0
-1.8009911663474236 -1.9262214060909448 0.0
-1.0277896116880236 1.3907458222417355 1.0
-0.3693890721711255 -0.2936108200899259 1.0
-1.9143549549467882 0.5099128676388234 0.0
1.7813468556403675 1.2520224085611233 0.0
1.2557347717029295 0.9176179846978743 1.0
-1.1580650016033265 0.7152139250586642 1.0
0.85524313690662 -0.429179895178299 0.0
0.6658675530302682 -1.7305131343265718 1.0
1.6074256159255857 -0.905782763105619 0.0
-1.0308707374169428 1.698163534128009 1.0
-0.25164131676003576 -1.3649570112943286 1.0
-0.33866825957003766 -1.6249840258968717 1.0
1.4763672436466493 1.3786766861429176 1.0
-0.49237581550834086 -1.4214341179832726 1.0
1.6665244151032046 -1.490885903255322 0.0
-1.2185908617504686 -1.733242683348947 0.0
-1.9254896476288494 -0.6554687805475203 0.0
-1.24959270499828 -1.736257417415716 0.0
-1.0902568193769624 0.3259421531350388 0.0
1.7178291255898146 1.6430790744074697 0.0
1.405192286625272 -1.5628744200228484 1.0
0.22435328054030945 0.015313503090688574 0.0
0.8157343475813734 0.9453228315039386 1.0
1.3971417766530565 1.4827223914003684 1.0
-1.5517970431312258 -1.2338640637237837 0.0
-1.202685790774047 1.30485531577646 1.0
1.0107503116151522 -1.4016517891820195 1.0
1.6141289719689937 -1.2147562661571878 0.0
-0.8101168223810107 -0.3343404742186178 0.0
1.7716869955697279 -0.9920192834919193 0.0
-1.2259848600396075 0.2775789796190078 0.0
0.7285460914216833 -1.7484834338116961 1.0
-1.1562168802885728 -1.0671713766679174 1.0
-1.4570516114662113 -0.9702044022403848 1.0
-1.1614962720823647 -1.7215124025784712 0.0
-0.8074975472084374 0.5661992361542145 1.0
1.3751679783478714 -1.822541256748503 1.0
0.7434859323713816 1.4247426646988472 1.0
1.4580669792110825 1.7452980375197136 1.0
-0.6877561957754144 0.24052593710714154 0.0
-0.8978514044335486 -1.1854700935141547 1.0
-0.41568270694293386 -0.7093014329507623 0.0
1.003827026081082 -0.436816194002541 0.0
-1.8178446940868676 0.28781266339809797 0.0
1.429106258550628 1.7663906437753103 1.0
-0.695805217013675 -1.162277500382452 0.0
1.7685523642199281 -1.4441151473435494 0.0
0.708212622510592 0.40152483782884474 0.0
-0.6436055325476002 -0.03490894125079569 0.0
0.005456234773093982 -0.8897588665183207 1.0
0.21839265617486925 -1.9590789046913435 1.0
0.49403997828220936 -0.577211635991282 1.0
-1.9759177593634067 0.1838280960851688 0.0
1.4948820524252118 1.9217741801314792 0.0
1.0041678447806528 -0.03261597731133348 0.0
-0.47748545526064534 -0.351091611660046 1.0
1.9690609111435515 -0.15699274343347858 0.0
1.786708581670518 -0.15704876944166024 1.0
-0.9126524060421892 0.41935050736172697 0.0
-0.48414583222152086 0.5753124919291479 0.0
1.3742012856849253 -1.3929542955157417 1.0
-1.5056773564510784 1.6091278303643528 0.0
-0.04604001058809715 -0.5126235057488264 1.0
-1.8746094935706026 -1.0900867390343474 0.0
0.9447168542550282 0.13150336506229943 0.0
-1.2386494931579004 -0.0933463322467385 0.0
0.7099981860464655 1.0633763025489666 1.0
-0.19231971312546436 0.4798966628003809 1.0
-1.771410720437455 1.6862675368443867 0.0
0.010908383444566905 1.1986764942146064 1.0
-1.7553048941454477 0.03250271370638291 0.0
0.6060083514055652 -1.4402866230427072 1.0
0.04408238493630057 1.7503671008610273 1.0
-1.2176251226374744 -1.4268524019788833 1.0
-1.4006193560926121 -1.1228936542178025 1.0
0.6625602879108117 1.445736723670891 1.0
-0.21892911090618927 -0.12464435139915553 0.0
1.8216511827301334 0.833214955219737 0.0
-1.0577165875998062 1.050343221890341 1.0
-1.7883025104845052 1.2047028166698968 0.0
-0.5635311335892275 -1.8553243011936824 0.0
1.7631310309608859 0.3153347450544195 1.0
1.7595309542064732 -0.3865721798895936 1.0
1.4322919640056182 1.0906144668820636 1.0
1.5204333188691854 1.4758258266933257 1.0
1.0859426305504818 1.0102517093764587 1.0
1.786003814183076 1.5757625532632185 0.0
-0.6752227467528313 -0.7976298984073011 1.0
1.9469639276955673 0.06001065182327725 0.0
-0.8700876939486286 0.30321029414444167 0.0
-1.2880973461874072 -0.22172418848385345 0.0
-0.05327847516006967 -1.1799084041035237 1.0
-0.6111125102173998 -1.8668209867889018 0.0
-0.8706357630307324 -1.3718045322038535 1.0
1.7715469407757283 -1.491624466533318 0.0
-0.6986023621246109 1.723290026184607 0.0
1.4590739081467938 0.7475103908228351 0.0
0.8078685934955838 -1.4843374232506008 1.0
-1.3685186515811125 0.524183563935734 1.0
1.7008181101171704 1.8477285935322345 0.0
0.6580847239709797 -1.2539421906467743 1.0
0.6592790442295682 1.3565401779979873 1.0
1.565887367059319 1.1983199632084185 1.0
0.9325788211816262 0.9967966148576268 1.0
-0.39891327080064887 1.5199903793369365 1.0
0.40386324554258435 0.4088551875536717 0.0
0.9923979548423993 -0.5223892455028758 0.0
0.16465073526014207 0.121983567032804 0.0
-0.709836811726146 0.5765221856170379 1.0
-1.2907557204005404 -0.20990911535182466 0.0
-1.1773052315157542 -1.8105853423952656 0.0
0.9636594137637546 1.093330711651534 1.0
1.5256117999956134 1.4582232143760656 1.0
0.6482068129501379 -1.5260221687706323 1.0
1.9739322956105276 1.2572130590572126 0.0
-0.8121956768943868 1.8824462615013302 0.0
-0.7014253900485059 -0.2462816153896661 0.0
1.591822777807252 -0.5764417527052808 0.0
1.8151899265707718 -0.22684452398665345 1.0
0.9913029458729237 0.6551980914501323 0.0
-1.372829922047495 1.4760854363086735 0.0
1.5381705583957843 1.766342330998393 0.0
0.24110106399398745 -0.5576664333625776 1.0
-1.8875178126440844 -0.8056874494896991 0.0
1.549068111661632 1.7346635924670912 0.0
0.10337577942619713 -1.3963445577296638 1.0
-1.6592488990244179 0.2093647376345502 1.0
-0.08305069200568393 0.35104505879241854 1.0
0.8411962956027601 -1.3336385829772586 1.0
-1.0221056858928588 -1.5665069494209916 1.0
1.8578303424367446 0.586097597900141 0.0
-1.679206527417683 0.13871062715321658 1.0
0.6473137310807595 1.0810760394579013 1.0
0.31826936249296445 1.541408675768301 1.0
0.6392218998640744 -1.6714874207364434 1.0
0.2652268540805758 -1.5594865463406538 1.0
1.9881122917804728 -0.11464064687113851 0.0
1.7448297035328753 0.0022629183989044677 1.0
1.909853679070106 1.6193473629310011 0.0
-1.5126369354355598 -0.7554213487845893 1.0
0.29543537970494116 -0.3474928904824828 1.0
-1.0516102826067621 0.06358610105379636 0.0
-0.5523545170592015 1.9672387176272768 0.0
-0.8399963623279483 -1.0079312363367543 1.0
0.974035841005267 -1.970241653596497 1.0
1.7103200947136536 -0.7872420308433856 0.0
-1.7049760362607853 -1.8009825192956455 0.0
-0.11693763718246464 0.8903483428847041 1.0
-1.7728556219560576 -1.579717656332034 0.0
0.38018265086904446 -0.17300309089228927 0.0
-0.9321508967337393 -1.499235192369961 1.0
0.5141677427985267 -0.1823374550260164 0.0
0.28774505536238015 -0.08387282265251628 0.0
-0.7453494341148352 -1.3036049430206624 1.0
-0.4858756703648015 -1.2748144044705598 1.0
-1.2466418791625378 -1.2040667476006108 1.0
1.0282867514816183 -0.07346856804196422 0.0
1.6282344442227616 1.7751445083777502 0.0
-1.344692621962587 -0.6206860914906445 1.0
-1.517742886059676 0.820392817276165 1.0
0.975013522819427 -1.5859808557001855 1.0
1.4299690667866218 -0.45143422832859637 0.0
-1.0423719960469184 0.3846838077254704 0.0
0.05464226644645542 -1.4284684467267788 1.0
-0.7352583678568454 1.4427118793856906 1.0
-0.8381769869559474 -0.11329734164979088 0.0
1.5249959739599053 -1.4927786469059483 1.0
0.6322706056238445 1.3641250523218562 1.0
0.3152931910552499 -1.2107981473094478 1.0
1.1289058837137005 -1.8435449998610975 1.0
-0.8264268131332089 -1.8823819797721795 0.0
0.4454209805443501 1.9104147911754654 0.0
-1.1331751243127943 -1.1853848858193516 1.0
-1.2563589680742249 -0.8038268597313092 1.0
-0.7733709342173558 -1.8579304844175946 0.0
1.8240135412756366 1.2623572043669538 0.0
-0.8040610616565482 -1.405040977351936 1.0
-0.9409773739839005 1.8706156148374462 0.0
-1.3536830506000435 -1.999112249504483 0.0
1.9537638438824203 -1.2167851160455387 0.0
1.6076019502348085 -1.2628296560876628 1.0
1.851997119168431 0.9055909626770391 0.0
-1.483471235441964 1.9348088998040316 0.0
-0.41946389301368914 -0.36817948583620597 1.0
1.4591180143868905 -1.6805967379632416 1.0
-1.3088228051249002 1.2814187133598076 1.0
-0.7741170295628086 -1.4103946754273697 1.0
0.5872844720478794 1.839076172636808 1.0
0.7689002511874197 -1.063406562774321 1.0
0.5417828055684306 -1.0804042793557809 1.0
0.3514392692346804 1.3678558125997573 1.0
0.6817107906518323 -0.5340320930803406 0.0
1.9210987377771587 1.8363995987557016 0.0
1.866528791243458 -1.6855147458028439 0.0
-1.9829719306922846 0.06885214436365006 0.0
-1.9427204217119591 -1.2006218577232919 0.0
-0.5706115101084963 0.19386313241769848 1.0
1.28785359100317 -1.855539086137771 1.0
0.5894229589931577 -0.2946955921974639 0.0
-1.7283850679893522 0.3489107637966615 0.0
-1.0213077685529464 0.42231382685068297 0.0
1.0920238821434656 0.06249160291140665 0.0
-1.137943624536506 1.3583329846751817 1.0
1.7385958166879876 1.1573978788386636 0.0
-1.625641142364981 -1.2230807441325577 0.0
1.197277875842107 -1.5894715413496554 1.0
-0.020172395775624352 0.25813810339482 1.0
-1.6370270570386203 1.418312186964008 0.0
-0.20200120691863743 -0.391964703424152 1.0
-0.9738340010537363 -0.26197351975302885 0.0
-1.5812770580591335 -1.889279379010909 0.0
-0.5442774819289893 -1.073748647019248 0.0
1.0687246857077866 -1.7414914982005398 1.0
-0.8959960016413309 -1.1924194889562463 1.0
1.1624965131969094 1.3905130886247012 1.0
-0.4295135289379184 0.6537053195761704 0.0
1.5883304679541816 -1.8725251336069202 0.0
1.1031092320143214 -1.9732870012913888 1.0
-1.4957631118364123 -0.3866765534960739 1.0
-1.6556072327851403 0.6487043380863682 1.0
0.02073080529682647 -1.173063389690478 1.0
-0.5592044572589021 1.6847204246529448 1.0
-1.4897990433438548 -0.9388353875778619 1.0
1.1583648452245283 0.4141342103139456 0.0
0.7720078264350714 -0.9810086624597338 1.0
-1.516944029528461 0.24094389386639348 1.0
1.4551189884677522 0.1004330282664121 0.0
-0.5580141157251797 -0.9071140505643918 0.0
-0.5863309210738894 -0.34238992960164616 1.0
1.0119248164986394 0.8625033162131857 1.0
-0.6812073581325446 -1.395935978268886 0.0
