0.9540651338983168 0.5092504591094105 0
1.9261351135043676 0.6704672063131594 0
-0.25152451819054766 0.08010616618424171 0
1.7818985787171084 -0.4885282993724982 1
0.7549594932733372 0.689413975093889 1
0.7285625823249595 -0.3996609379414844 1
-0.9435790140711253 0.9921284723098747 0
1.9994101450051098 0.23410331451757704 0
1.7678501050949071 0.4986636013019843 0
-0.6203295301698089 0.6012747737448234 1
-0.2647848096725447 0.9979149190544985 0
1.8640980079633915 -0.2138405400772101 1
-0.16032739510892435 0.6010656666411673 1
-1.8227762515607817 0.04002726230771292 1
0.19441260998780763 0.4928034435051549 1
1.3403193790768744 -0.5230217599785485 1
1.8461166047448678 -0.6104605925310316 0
-1.260586470012374 0.7506504378022676 0
-1.4000854643165614 -0.979847551004978 0
-0.36616077662719926 -0.2523666763673911 1
1.1068472861030076 0.22126144766430045 0
0.7589971858545899 0.8057483155262763 1
-1.3485238361184755 0.9263494312362028 0
-1.7294529233734046 -0.4769436896461563 1
0.31330552447515636 -0.13482277501994755 0
-1.4789585173541981 0.7781448610658332 0
1.7238727640529556 0.2712199129135757 0
-0.7375539234734281 -0.20322526052368284 1
-1.3612076053046462 0.43637724667219 1
1.9024374076534718 -0.5873798998182327 0
-1.9620072393099774 0.20823678661593648 1
1.7022689861121356 0.5116399683061779 0
1.2464144825618515 0.4070318967079378 0
-1.44418445329983 -0.7793231510122425 0
0.848817663057845 0.16018677918561353 0
1.9891770205856503 -0.15681947371968374 0
-0.10838996740332574 -0.6602064131221428 0
-1.092321900173462 -0.40005011671430113 1
-1.9374515239748185 -0.6474537260365039 0
-1.744256113918114 0.14789158399665192 1
-0.6547660219685705 -0.267469301708678 1
1.8426243395027257 -0.10919021757372582 1
-0.38557247032130526 -0.6443417794101125 0
0.9269382928841674 -0.16788920299654486 0
-1.896834596395533 0.8983918898517327 0
1.2345533385747078 0.8016312718241811 1
0.8204503180905358 0.7514448494796282 1
1.8151392654155982 -0.3588466989623804 1
1.5886571357303128 -0.44193737268227284 1
-0.9930728203973116 -0.1922922410391723 1
-1.5216426528198554 0.2971706163021346 1
1.3771566633313417 0.8835937021800786 1
-1.9532724847191258 0.6558240669004538 0
0.6647640810620246 -0.6256339536853914 0
-1.9634321339911485 0.02061267976069625 1
0.5981590105934336 -0.11997225558156077 0
1.0793218730254592 0.4729143734631014 0
0.1780303046054703 -0.9247985741176934 0
-1.4792021484220976 0.6479643433287683 1
-0.8195003781820804 0.4688084257173575 0
0.6055885400542595 0.9864811297986629 1
1.5089277984407508 -0.7774610696179229 0
-0.2878102635092792 -0.16013476582469344 0
1.2749098707134996 -0.6179230665210995 1
-1.9758188407307067 0.22548818038350493 0
-0.026402511706283605 0.3638533900745027 1
-1.5346999880109187 -0.8230376669338388 0
0.55172132653203 0.47835021401525335 0
-0.1747070121305394 -0.467741393388323 0
0.5841152516811019 0.9537005635348392 1
0.1890613919524493 -0.4315625547491273 0
0.34464208799621243 -0.6143572675782933 0
0.6519254545386679 0.7572085349806428 1
0.3978906601425063 -0.1610655048418308 0
0.5502264497014582 0.2796453811386672 0
-1.8302511288557182 -0.10471999493415773 1
-0.8948408165851509 -0.25620114208854283 1
-1.1817608803838673 -0.2356145450017353 1
-0.5546519393489984 0.6980219410306978 1
-1.6778271682344732 -0.2561676965207136 1
-0.3589598077968006 -0.7239916974489582 0
-0.9207076441410784 -0.013789748903994647 1
0.46380281765030906 -0.4575682358917941 0
-1.272919679999538 0.2474433066551862 1
-1.4356964291754961 -0.01577049614567727 1
0.7586821463757047 -0.5628125703757731 1
-1.063988984791214 -0.2153373366315865 1
-1.5093260097386505 -0.020423769315315754 1
-0.43968536899131383 -0.15773503147648205 0
-0.7192685879409404 0.2895648707103371 0
-0.07391840093130231 0.9863329085234396 0
0.7930306967391427 -0.9951663654318519 0
-0.699418277439853 -0.645800448823943 0
-0.6074232626975715 0.5316137631530302 1
0.4830703827642173 0.2911576954370947 0
1.051372552283472 0.39711927433952554 0
1.0411210398290098 0.8940061933578278 1
0.44642780048338304 0.19857575568163055 0
-0.9473956763478864 -0.8942647294822539 0
-0.44396663030369155 0.6784053852415923 1
1.424770988475395 0.5496450238727202 0
-1.8398671958642896 0.06999749666508914 1
0.15064596801957864 -0.15329427500786874 1
-1.423767697723639 0.7418330482075246 0
0.3795064519881661 -0.5321814086300449 0
-0.3367469286420137 -0.6124591836706872 0
-0.21452808757988917 0.9038867979449332 1
-1.1430636536297993 -0.04085112524995482 1
-0.5461412392713085 0.3885558205032853 0
1.4253483800322746 0.632816600914105 0
1.938982434925014 -0.4482188790380468 0
0.6154721654828563 -0.5069755485330476 1
-0.0567696407445033 0.31861358732169953 1
-0.8053030634754683 -0.9545025107363567 0
-0.47506290580120236 0.43673486276266127 1
0.45723282373746654 0.9874095042913209 1
0.8367931703557074 0.09525247204045173 0
-1.633043129651452 -0.4038113889374706 1
0.6359788432352294 0.8593148163334099 1
0.013324501343725093 -0.8291900460439277 0
-1.7148866205131488 0.8480651774835135 0
-0.49190199285075087 0.5345888036980495 1
-0.024240043800790367 0.6106164552981423 1
0.7227752707795072 -0.1840770899242714 0
1.3003450971046404 0.3172772378733888 0
0.37742716598518333 0.12768980474122937 0
0.7001023468583512 -0.9873954634324003 0
-0.25906443069503426 0.15938867253424482 0
-0.28176288614714284 0.8791947093501569 1
-0.15528834633630328 -0.8139177398325721 0
0.7500610026861905 0.31340756314996887 0
1.860009747820786 -0.9207071287205106 0
-1.669215369967353 -0.4791310285746784 1
-1.9539945729598562 -0.6093479469537164 0
-0.2170968693482238 -0.7907278167294889 0
1.529198074522553 -0.5882859210730695 1
-0.04071116116477569 -0.2017936619769214 1
1.7507928613424806 0.9898379693168131 0
0.4161012907889021 0.028972258671621676 0
1.3287421252822602 0.5334021915264049 0
0.9751074617761404 -0.6948718649672285 0
-0.6694921845819173 0.6037328861377336 1
-1.73138271270787 -0.7728534206456097 0
1.2678098759860474 0.5865198655133115 0
0.7373416268940316 -0.8725838274081543 0
-1.7733322140961767 0.8171202616438171 0
-0.3109032275105439 0.6043695707611048 1
-1.0340156186616278 0.030752828086267447 1
-1.1074033539781176 0.6460379866799011 1
1.5865855160416267 -0.7679645534039994 0
-0.7711597947880495 0.30703036890724533 0
1.3728984738425467 -0.6556560272906578 1
-1.6440421426203504 0.1839051568800576 1
-0.855776710134577 0.9036033645390715 0
-1.101708612731624 0.9786371416108264 0
-0.6299817821450202 0.44810371185118236 0
0.7737191325253208 -0.10907976409367737 0
1.3217019826917928 0.3764851466169872 0
0.4990652163186473 0.7125426766526941 1
-1.757179855508026 0.12366725506841769 1
1.2472867506166776 0.28747863605943347 0
0.4066969217279359 0.7083337149221769 1
-1.6596552146421115 0.6406231469740518 0
1.8173483385061977 -0.46914783119800263 0
0.8483300259602813 -0.3494214184122939 0
1.3972955425370728 -0.821878149076062 0
0.6215487634325902 0.41885354737705005 0
-0.8467738461468239 0.34532271626944944 0
1.209491297884992 0.8473742236300055 1
1.5424199130015421 0.22641683461398254 0
-1.3879685456408892 0.5250218831760252 1
1.3940749137703876 -0.6247100634790494 1
-1.2768359282129889 -0.28341246825410105 1
-1.7947700424082411 -0.09113270925695427 1
0.4298848060046083 -0.47290493879242534 0
1.9102853893006086 -0.1318211729700276 1
-0.32123028164644873 0.9340491739386156 0
-1.253845785418406 0.805963560039443 0
0.2854031294359971 0.9418793578492579 1
1.7134745484215714 0.0654698280421564 0
-1.1656900638328134 0.5623617295998591 1
-1.2516538174229055 0.7637295212349602 0
-1.6167997492860713 -0.06561341492721895 1
-1.084368071871404 -0.566738578673079 1
-1.1065046369954548 -0.9348709444817924 0
-0.06277368275344397 -0.9193558590004625 0
-0.8674135361600848 0.5459781003506952 1
-1.4374239196573115 -0.3032669283707432 1
1.2600204962539796 -0.1487602127538581 0
-1.5686440749309134 0.29460527255648716 1
-0.5947958334226091 -0.7085956240881286 0
0.8832914291139602 -0.028496944280970604 0
1.9201216382962216 -0.34374581206121313 0
1.9239701744777147 -0.9493004715832065 0
0.7365275390084762 0.945163730440636 1
0.20065933424719695 0.8134448807092367 1
1.2165655516976366 -0.23671493818327383 0
0.5572488345207178 0.8360588873815442 1
-1.2253887469384948 -0.3141629913953006 1
-1.0807817144372787 0.7098619676180828 0
-1.4724434497682757 0.5081626406450384 1
1.9871643505195604 -0.3408387014211536 0
1.2080610139521668 -0.34039182197654183 1
1.7458254579929369 0.19947813651308932 0
0.35484083959037793 -0.6805452877585842 0
-1.2016636028995342 -0.8082951374712577 0
1.750847706073575 -0.181945473511967 1
-1.1317870078528878 -0.09211674889969124 1
0.0026170790548332157 0.8034964202936967 1
-0.8540675924932275 -0.33528876143924435 1
-1.3111526912400957 -0.2812540023169212 1
0.6130600264777826 0.18244122671290186 0
0.8468458942814685 -0.0951932156372639 0
-0.07665490641729722 -0.7637659544841184 0
-0.25715572939538456 -0.21593640357294341 0
-0.8246046914596135 -0.5256598399280132 1
1.3532025986771763 -0.8133489394435105 0
-0.10082924262503967 0.40072325194256875 1
-0.055992434411985315 0.26480607357178987 1
-0.06641897687362519 0.054197960335361284 0
1.5151400427797186 0.13398073906729047 0
-1.2336446473225964 0.057729650596924253 1
1.6254735049584683 0.6624613553622687 1
-1.4053851070090109 0.7214617545421567 0
1.521243878146025 -0.5554120624070873 1
-1.0055383114893521 0.013452666171507754 1
0.23503986902810237 0.5099131794573997 1
1.5623664500909435 -0.6446479290405362 0
1.9609166065717143 -0.48237031192992963 0
1.730380579424938 -0.23982812467488102 1
-1.5011476124536274 -0.8828333301164986 0
1.9862642259782297 -0.6881922585797158 0
-0.7961674251600201 -0.9947427518728551 0
0.41359235996583 0.09600237718980309 0
-0.15177063660602963 0.7339857570661186 1
0.10575136328579982 0.22875471745726061 1
1.2731875571540767 -0.6697906725957232 1
0.9458490542593014 0.7110792580667864 1
0.8133363020775044 0.7930939125436978 1
-1.0535991000483662 -0.6044757563760899 1
-0.8483382254739 0.18781052868689585 0
1.7166312580705116 -0.15323308028332616 1
-1.6833884767972074 -0.5136347952396763 1
0.9366534087759462 0.7664054373215914 1
-0.02735388742655509 -0.14268921893706143 1
-1.5623045899023258 0.8085117544604581 0
-0.7225830994689129 -0.2304497679164017 1
0.8110966176945711 -0.8254921841024858 0
-0.8668625001900425 -0.6593399783102243 0
0.3440079457885896 0.7063499446310337 1
-0.8708526908232814 -0.9062552988157715 0
1.473238214294379 0.7467299689980986 1
1.880175178197082 -0.7158874742994088 0
-1.1812627298596028 -0.1318290846663286 1
-0.1478077898942538 -0.8579202890047317 0
0.7913154061701495 -0.33674456987445156 0
-1.6298855974090074 0.7779799705475734 0
-1.817199524101718 -0.8365791788674624 0
0.3272387611949932 -0.5147193705736224 0
-0.050169717467472896 0.9153607536281678 1
1.6040495195186657 0.5600451208424704 0
1.7132070908742483 -0.40347564313582107 1
-0.27429688366435867 -0.15764536853769928 0
-1.4540031616619435 0.6985450616800801 0
1.68094338151024 -0.3610341510302768 1
-0.28880817480210386 -0.833141811838797 0
1.6394424197099569 -0.2576427557174732 1
-0.2342232133845572 0.024203777018426464 0
0.8780137112348276 0.8489695062649081 1
-0.18596172091083174 -0.5702558799010176 0
0.34283671583820574 -0.8071618142170591 0
1.1810727878090024 0.24000123375922056 0
0.8803366168712086 -0.35617568566043434 1
1.3373649377905266 0.797619894850111 1
1.976245912525728 0.28300591533083863 0
0.8197393567009943 0.09234594906769988 0
0.7458214888003099 0.191992854796746 0
-0.6671698861587774 0.08364663156209984 0
-0.3903741302943513 -0.26107067545347706 1
1.5799903913255005 0.30181438136255845 0
-0.4938309056743839 -0.06447800548133698 0
-0.06150279939854153 -0.23200127963956652 1
-1.475258347646422 0.1836647414357384 1
-1.8789040620239503 0.39017503786426255 0
1.4676834909090655 -0.7734831851727146 0
1.8862551323957786 0.6281267028466817 0
-0.5281157805599133 0.8746461652080677 0
0.9218120627108659 -0.45906781319813517 1
-1.131524610440343 0.761603413365088 0
-0.1332755618994388 0.20473466652635275 1
-1.9582447329099457 0.2188403349086805 1
1.0766240438002042 -0.8151647188805915 0
-0.8170872782713587 0.5687563345988356 0
-1.8176923517530081 -0.6452676190362543 0
1.5372677257742398 -0.8899421693678216 0
-0.45418669723768534 0.33932555262734687 0
-1.853748716986738 -0.9587520331064683 0
-1.5886024394546219 -0.7941400139304411 0
0.9791509493801587 -0.9042153816838379 0
-1.9306917706345934 0.690197106993041 0
1.1942961429911318 0.013080989571838897 0
1.975300115949464 -0.15792957446296252 1
-1.2205694905133133 0.7281361675876452 0
1.7765547322564368 -0.20232374446863588 1
-0.4969670971186608 0.05831030764286327 0
1.3869679804568964 -0.04489607249945937 0
0.38250393832088836 0.8455107270306792 1
1.608954871243049 0.9135590410084302 0
-1.778379722470865 0.5315505999340966 0
-1.84964418238875 -0.6070540179309236 0
0.1829592275553824 -0.22426514744834503 1
-0.6560313715787784 0.5703681260954165 1
-1.5470085792192037 0.8458055924806311 0
1.9018676491069582 0.7701943026732547 0
0.5888228303501051 0.5504391644019455 1
-0.046426909854744736 -0.642040368797347 0
-1.3025812075873953 0.9690375001870126 0
-1.128050136013031 0.7416898326958574 0
-0.3622249815688723 -0.47718326735073435 0
0.23313109392902964 -0.9668811640296922 0
1.0275246171276065 -0.5746696987058943 1
0.08468608944190814 -0.546836629175214 0
-1.2507094374239607 -0.5907740352795552 1
0.09714190782149723 -0.9258443602055753 0
1.3492363517064563 -0.1419072770996186 0
-0.16829295216265772 -0.8159509367927116 0
0.6165452773741 -0.5946236890672567 0
1.4588019784805852 -0.5227434102154422 1
-1.4969159459278112 -0.21881513843607503 1
-1.6545033981895712 0.9323432078026777 0
0.7580249408376227 0.9893009534743427 1
0.09457982455975911 -0.7192254206316251 0
-1.8017166606670632 0.9667962260043947 0
-0.586414596170644 0.9660344930699916 0
1.526507936068231 0.4786532273305071 0
-1.0217688880942872 0.17444521872792862 1
-1.351015815904947 0.37051774322415687 1
1.5032329283709798 0.002701121262905337 0
0.13506563139688677 0.16681454929020334 1
1.5231661490772423 -0.6445321027915043 1
1.0668762724731402 0.31309692971355885 0
-0.35306885146150746 0.2674052647194687 0
-1.1359777290443382 0.8289271791689463 0
1.35572767760037 0.0538764208371052 0
0.041191756218473596 -0.5582093215868749 0
-1.9259206856640656 0.7885703688318013 0
0.5842640224482318 -0.14602925630507935 0
1.1274433218918403 0.6620363709613739 0
-0.970046545142278 0.8087512286244329 0
1.928204910288351 0.11121545869197802 1
0.9377624074456423 -0.7737915882049424 0
1.951330980774289 0.3979204954777309 0
0.7274945496153258 0.8172200344719027 1
0.26414544931935646 -0.553386416265734 0
1.4019048975354735 -0.6707684085037808 1
0.18509760283347632 0.18037089535120154 0
0.8692689826640048 -0.6345404716405931 1
-0.3693142789186785 0.5063670654926125 1
1.1192770083950023 -0.6494398112432995 1
0.23285571154918605 -0.02714093015688679 0
0.4809303194253034 0.7386886266667452 1
-1.7936321144345135 -0.2892038367443617 1
-0.4851323787676147 -0.6829085129829779 0
-1.0847571377920402 -0.39915988632594956 1
0.47780722747305493 0.547358384869782 1
0.9013700293602009 -0.3676210444093444 1
-0.01453048478313912 -0.4228540867511612 0
0.05498001889966586 -0.5642327715972029 0
0.4805504902684534 -0.3694603671197372 0
1.309896189378676 0.08465876390896376 0
-1.5278066973126267 -0.3928938622786253 1
-0.12765698879956977 -0.2575835622783236 1
1.6150081408716548 0.9371903649372904 0
-1.3540326492404975 0.17591491540697857 1
-0.40794993374432353 0.025001758211503855 0
1.777328072484749 0.8948338895663683 0
-1.394594613043946 -0.5316513899500745 1
0.7058357656369676 0.9427869442858685 1
0.6588380486333816 -0.20627895165294152 0
0.40720283494441256 -0.16605626003583884 0
1.7424437625590854 -0.6623402616529874 0
1.7808870089292195 0.9450119100244354 0
1.8145771312617303 0.7870085954779757 0
0.6458166608444333 0.5407250455879238 1
-0.5914746856515936 0.20058070129324124 0
-0.3745783792705173 -0.3016412252382119 1
-0.6539123257881276 -0.9701278592489642 0
1.6726557754479203 -0.09992295103940596 1
1.644426775246612 -0.5519969576701305 1
0.8186492704366874 -0.2543537767905206 0
1.7392116631291938 -0.22104676525599443 1
1.1253018191481519 -0.15764614424330592 0
0.7599555138552803 0.9488407673081307 1
-1.4615158238967072 -0.6770133099196101 0
-0.05008198300369715 -0.024539709888253602 0
0.6251281715363008 0.1522529988535608 0
-0.5996911353824546 -0.20624683310178793 1
-0.07217849334912207 -0.463775602667182 0
-0.41953585097682433 -0.7257534064322397 0
-1.5226291992175418 -0.16917169328079296 1
0.23603309496812575 0.5209965954980269 1
0.7568521840835407 0.9917861488026196 1
-1.878696125688478 -0.6159542923769665 0
0.39022361768413916 -0.43306975007411364 0
-0.09765073697660354 0.49947275346688813 1
0.35510433178427947 -0.18302808152534733 0
-0.5014043718593224 0.7934509153951599 1
-1.4611481332538836 0.9724145919038614 0
-0.8736146962526887 0.7769881250661201 0
0.0692030293931678 0.572689260144712 1
1.1824928943652915 -0.23283717641310764 0
-1.6269145773935247 0.11227203509893058 1
-1.298769223676933 -0.7742446213419092 0
-0.6373958625470122 -0.5327987689255849 1
0.9540066323488836 -0.40634349145884663 1
1.7115305847144588 -0.3714738642288502 1
-0.7252179654474626 0.6308982697375065 1
-0.4129546159786819 0.12222850930763518 0
-0.8704973702315564 -0.5723977068436983 1
-1.9654744468429417 -0.7031074568368987 0
1.2149593243877348 -0.13512686457338297 0
-0.5886002542002151 -0.47315754082667616 1
1.8596854375139982 -0.3126745234143915 1
-0.8757239572564344 0.9798402183481103 0
1.7533365444169369 -0.7979742930931495 0
-0.29488560150771503 0.6963288337492 1
0.28803776140906256 -0.5921687181532653 0
-0.8044869387150455 0.40119681264952956 0
0.5032451903653872 -0.8102647955156799 0
-0.8326274670313794 0.36765279039931187 0
0.26439854109060335 -0.44899081663355567 0
0.6762748768825215 0.58998704238197 1
-1.9622771525253242 0.5120684506774429 0
-1.7890802611575802 -0.024695055297767388 1
1.31854929715082 -0.3955347986102282 1
-0.573583004378567 0.28464920596344245 0
-1.5991451323358286 -0.5695954392921163 1
0.2582396464130148 0.32874957416570094 1
1.6431956638884087 -0.5683218043378664 1
-1.119718530404572 -0.859569194025583 0
1.5423657500149535 -0.2895125639221754 1
0.14221612852104215 0.1828659859955648 1
0.6613598823010651 -0.03236816209025983 0
1.7050973098933886 -0.6411895764745668 0
-0.29864266432311126 -0.15683614741447305 0
1.0533726166915813 -0.27406535829200096 0
1.0941232839124244 0.5277353785179855 0
1.8164376654821317 -0.6763833877753056 0
1.7631311609349356 -0.06738172840713585 1
0.296009852014286 -0.0008829244203159003 0
0.5101380756392837 -0.8206171593692693 0
0.8236902154321628 0.1640775961997465 0
0.07263509439951221 -0.8170284789386995 0
1.7736388492034654 0.2700308888013705 0
1.3178699064971937 -0.6683968335363593 1
1.72013326850176 -0.45635559853963126 1
0.0010589027357204017 0.14793883145063136 1
1.8697022782175585 -0.6580160912791675 0
-1.0476677220142068 -0.6671713927490663 1
1.6242304046200466 0.9058324864739113 0
1.5035743527571146 -0.9895073782541921 0
-1.9716004779008336 -0.2824435694944143 0
0.6619261582074869 0.12173450414055154 0
-1.9582809590390333 0.5104978885119078 0
0.047927855634550376 0.5625028017734046 1
1.0795380239793064 0.8750152984924926 1
1.5266532444086107 0.6621842106733327 1
-1.4292778869162013 0.952963648305889 0
-1.5111369894549274 -0.03554465224916625 1
-0.982047728050699 -0.6092772811069778 1
-1.2258281719304818 -0.9010657995913554 0
0.17411015926552942 -0.631544724701556 0
0.697768929672975 -0.9912602754546449 0
-1.7413271605344502 -0.3636816300207599 1
1.6108027988623403 -0.3968494155458824 1
-0.9253459369462513 0.9268828580665396 0
1.604977924083765 0.8242550285271462 0
-0.6687745004590071 -0.3724759616774864 1
-1.8996366412818788 -0.760543841246871 0
-0.7179587851872649 -0.8933601070094055 0
0.4274296782271745 0.7356239848148209 1
-1.599133557534664 -0.06337591785943064 1
-1.465816252538147 -0.8216293329237756 0
-0.33716700956461665 0.13649677768505608 0
0.4976747290847965 -0.9879647282444926 0
-1.0486500552726645 0.9816217525477489 0
-1.068463804475055 0.749649964726729 0
-1.4685551649383823 0.43354164967158915 1
0.9958096113077652 -0.49554845576546747 1
0.3670648397184326 -0.9152506911118274 0
-1.0242479929221608 -0.34499342225934426 1
-1.2207262687552722 0.8551726046320507 0
1.7220647729313288 -0.8596005268600377 0
-1.4386081247922466 0.4035449276275227 1
-0.24394454524091636 0.7287307686913063 1
-0.8950630130802768 0.8031641464937442 0
-0.3307520863423523 -0.7868898029364659 0
0.5622991688596155 0.06342663253566072 0
-1.91687929493418 -0.28142305206561735 1
-1.056200350676241 -0.7892678157486475 0
0.053470877797654026 0.32008508907774447 1
-0.4689483090785038 0.6923897263201189 1
0.6335901934928727 0.14069892603561374 0
-1.6919898036094718 -0.36108078478755345 1
1.8329977532637192 -0.32700392488787733 1
-1.1414183512307314 -0.39980004257604174 1
-0.853082921968014 0.5318583501614791 0
-1.040428835480879 -0.9301585248722715 0
-0.31258813829094123 -0.5013470593617348 0
1.2640872711305704 -0.7404118980760845 0
0.7699310964147412 -0.44961381622847374 1
-1.4328372212590068 -0.9539030124396284 0
1.9961004983932948 0.841894435118979 0
-1.3845351617421362 0.4338212334993412 1
0.5560037903546542 -0.7549434216133344 0
0.37316612722906317 0.01865717242950571 0
-1.2660042959187239 -0.31407539496401315 1
1.7392249895259217 -0.4238649853342231 1
-1.1753830830410772 0.365185932974047 1
-1.3513494405885447 -0.8619459804795084 0
1.8982856833118098 -0.6528484122882232 0
-0.6623023860394439 0.7018284745771206 1
-0.5823075247070002 -0.0689928743295376 0
-1.4628958777796863 0.6372099674253164 1
1.7862173455466963 -0.35268881096724036 1
1.5142270223945085 -0.03426875815672181 0
-1.9648778512221754 -0.48731643299370675 0
0.5679170234429858 0.6464367241282434 1
-1.0659808462378608 -0.6047199905437783 1
-0.5374878433404389 -0.6955263140461896 0
0.2673877400170972 -0.3548438524848796 1
-1.0156257259007395 0.6537733686186269 1
-1.870914165324868 -0.9341161570206225 0
-0.9072513692172546 -0.21220529928548304 1
0.35308206868434455 0.6353983279736561 1
-0.09926982908031823 -0.23012243259651988 1
0.18541277524947253 -0.35169340745557753 1
-0.6874956872195788 -0.6119663233989552 0
-1.9426485512845093 0.7927275431749421 0
0.6841307252973214 -0.5613495178306362 0
0.1707834457158217 0.6128326514223077 1
0.008220505240409182 -0.007617414110111742 0
1.1526907934247124 -0.9211722071390502 0
0.39411968410561116 0.7934434370944268 1
-1.061647430614323 0.35871143022494567 1
-1.3356944403997035 0.9667174583506484 0
0.7999633406606943 -0.5253382160156235 1
1.4101155032783699 0.006604129548311244 0
-1.2657390373403596 0.7950993001228639 0
1.0400285965276033 -0.8180211834144884 0
1.769844036682093 0.6149606907941503 1
-1.6463879688622671 0.9833019352628947 0
1.1926327934760796 -0.3092764171276936 1
-1.6261183869032 -0.5583741136533928 1
1.2626113676885797 -0.27596345706118175 1
0.06756646486580697 -0.0724232748700917 1
-1.5508934997127923 -0.4741458605772879 1
-1.9362645383260615 -0.9936569696067148 0
-0.530428480810639 -0.5039757105238696 0
1.9860311869538863 -0.47516000136896785 0
0.12410041059697852 -0.6489075328735696 0
-1.167016476612981 -0.3875834250374399 1
0.11149868208564628 -0.5966588731096489 0
-1.328722682588488 -0.5855831959150393 1
-1.3626694843389981 0.27670637560176736 1
0.5088148568497655 0.1828237047109582 0
0.42906460879689234 -0.04098111381389735 0
1.957750604583758 -0.09561856483106568 1
-1.8094341255131496 0.8072282149559302 0
1.7588720528104451 -0.7294740650392999 0
-1.3873486332988678 0.9323448521231732 0
1.000112009604773 0.680859504732247 0
0.6199578995506854 -0.7978157605392893 0
-1.2903205899004497 -0.2113823788138589 1
-1.864836326966853 0.09780273691054209 1
0.3438009992415121 -0.9165787442905011 0
-1.3170575131010946 0.9773286776319585 0
-0.5477306073889392 -0.7779872365503846 0
-0.9775933398768859 0.6478445590102246 1
1.6599566682571183 -0.060249124096952045 0
1.601375735199444 0.2712450260892283 0
-1.4673439056797384 -0.2071486277032879 1
-1.2871864524039065 -0.8404796331039144 0
0.8558459358040524 0.9785400881217288 1
-1.959989920695958 -0.6800814057066911 0
-0.817996974072619 0.15877482239772323 0
-1.3876938954272346 -0.4683538742593676 1
-1.339678913613123 0.39421077967711904 1
-1.3728127327845376 -0.988724793242086 0
-0.5312297290526602 -0.5683188394034386 0
-0.47277810340032733 -0.20865352038846607 1
1.3749323788018137 0.09912564230623921 0
1.935937457970598 0.12252993379764865 1
1.2434533664834304 -0.29542496458475087 1
-0.11819829979224927 -0.8008308853457826 0
-0.17785120535975496 0.8297651456061892 1
-0.26616123514183787 -0.019153417266654538 0
1.539602833076747 0.19852395429292247 0
1.6528836800563727 -0.83387852632516 0
0.3040351151244396 -0.5974992696082273 0
1.740451092683577 -0.10553922928509785 1
-0.5260762909776924 -0.5989734196456795 0
0.28461683509465896 0.8420399144508259 1
-0.6883549498335721 -0.06029376486493154 1
-0.9752441198309132 0.3377201417035711 1
-1.237308023194577 -0.46090376688841017 1
0.7786247298806814 0.012267149835758051 0
1.69920306921175 -0.5368181024377536 1
-1.7112581705476786 -0.40123344227300417 1
-1.5985471007477141 0.9318074968105667 0
1.955458687708687 0.7262124309546718 0
-1.7891190002294999 0.13549014146072613 1
1.0933792176222723 0.7000922326349712 1
0.21996702617209962 -0.419273964803341 0
-0.6209199963989 0.5550910584017825 1
-0.9928220045338345 -0.14060822930298555 1
-1.1959014403369368 -0.1304963422804859 1
0.3356328538769775 0.29956969990074556 0
1.2475901218260441 0.10829128906613028 0
-0.8262301343502902 -0.8047620440865833 0
-0.6434792630989863 0.04186131549090755 0
-1.6038414667343086 0.0241913481513778 1
-1.2282891968781153 -0.5359138031244264 1
-1.1448743367334462 0.08232257616699479 1
1.1815589981042165 -0.5256220010827284 1
-0.9676805554775503 -0.23851383885377397 1
1.4778691519352627 -0.9507476911904431 0
-0.7251416555421497 0.26354827526057956 0
-1.3347466811176258 0.9519095398744104 0
0.5771348719560483 0.2112359019292176 0
1.5543912900165604 0.6762404926046663 1
1.8111825575052132 -0.7011688018119469 0
1.301904041428275 -0.994945461953654 0
-0.6403637177776469 0.16698338091242326 0
1.2893613883850947 0.3236744134318701 0
0.19189620985223144 -0.3145339817463588 1
-0.2718457362835158 0.4955769839188138 1
-0.6760701482083178 0.740945023057912 0
1.1515136771194143 0.11562403572060598 0
1.8821199013110643 -0.7892355262411055 0
-1.1791641230614562 0.45779538887265225 1
0.2183598523670951 -0.05179718274304301 0
-1.8244988159969089 -0.004492221078327807 1
1.3240113905735336 -0.5787203526576195 1
-1.2858485498250491 0.06605881552348047 1
0.6636870911812078 -0.36307455853052417 0
-0.22361053332151348 0.15751692837378073 0
0.8257444591866023 0.10182407236598201 0
0.3057763844234036 0.034955010993550806 0
0.820220758225064 -0.5157743894263898 1
1.3664839623558036 0.3270367514261818 0
1.4467337130592508 0.08789381516378048 0
1.3733888170446074 -0.37354758226229245 1
0.10749608379253495 0.07365433004540156 0
-0.2723600106783599 0.2673635305408586 1
-0.3797135160247551 0.9714856451801819 0
-0.3741018902171094 0.9492698939128799 0
-1.9358753568671418 0.4391128680006007 0
0.0788713390129554 -0.0659833765392912 0
-1.3758197385724502 -0.19856944935256715 1
-0.32952098084015935 -0.976501087932794 0
0.029997435312721255 -0.3127262696325217 1
-1.8040842019775387 -0.19494496834482344 1
-0.37455694084587865 0.3863903718573205 1
1.4512792566895922 0.2652357382722632 0
-0.686871898281372 0.06357136842796351 0
-1.3451458836818055 -0.10509482076587373 1
0.44807696499313376 0.079194983588593 0
1.8574966755205589 0.5908822399818379 0
-0.6143909324461299 -0.47868246861907293 1
-1.8881288878444713 0.8731996228722456 0
-1.8460147982353061 -0.14923429241212527 1
1.6670025760719316 -0.970304741806864 0
1.2221086760896838 -0.48769061074074127 1
-1.9953493336506187 -0.3974998959838907 0
1.4047614170924856 0.5316907003496467 0
0.691225500231408 -0.8357232027337456 0
1.1597484230244341 -0.8962546494249433 0
-0.4253756331217553 -0.3759636453471875 1
-0.7108439193307934 0.42772461350672986 0
1.8048501044893004 0.7564777783872099 0
-0.32268408999637455 -0.4969510766157821 0
-1.4933114942189838 -0.3417582883162642 1
-1.0412690417736217 -0.42547416192195 1
1.0175308467017845 0.6231407958327135 0
-0.6746890061238227 0.7240819388176087 1
-0.8870955518712456 -0.08450235494494285 1
-1.0658272636422699 0.5418553029777697 1
1.1499742564483784 0.004577259764612096 0
1.6177611759954011 -0.12911501570438588 1
0.9402904281955515 -0.9219015342682995 0
0.9039658065269665 0.4630537501083727 0
1.6133353473241767 -0.6365858035019196 0
0.15091563181269674 0.29689224961907645 1
1.266167940301318 0.9360763459773078 0
-0.9980291150348237 -0.22679854469868332 1
-0.1380361713296514 0.4623819568271468 1
1.8408555212209734 -0.4634330194164695 0
1.5189884036792192 -0.43370183247799177 1
-0.06427451134887496 0.8970637327509854 1
-0.4168047451334611 -0.5825601131207445 0
-0.25932686752829603 0.704689715866943 1
-0.7497452893778047 0.42605488491936483 0
1.3788661665605075 0.39683355925185637 0
-0.3469692302139067 0.21553380936479472 0
1.7199465352693126 0.4522590503673174 0
0.2905476426236091 0.4188012034729185 1
-1.438002607688448 0.039329449763989555 1
1.0982489649049132 -0.09119720192841241 0
-0.5802212797688759 -0.17204659304970793 1
1.9089042505644045 0.34463652532927735 1
-0.8625422644704908 0.2724428113398836 0
1.7347798339131253 0.7989988339517131 0
-1.352695426449941 0.4138641745710743 1
0.9670437013512103 -0.6276129135128992 1
1.9862803795929809 0.7077319882750119 0
-0.6351798224342193 0.9085644753885411 0
1.858306171587219 -0.6358874180492058 0
-1.2530084012240104 -0.9924432537626282 0
-0.3095340036709118 -0.7145252748941633 0
-0.5243818736034371 0.07577141210891414 0
0.9879410024551709 0.40483516775439576 0
-0.7918671598945419 -0.3563046309601221 1
-1.378617773946932 0.4533129045697484 1
-0.8750051855956458 0.27383371394113776 0
1.0694572217566733 -0.1806582040973166 0
-1.0612922640848024 -0.19807281116449826 1
-1.1379345152766476 0.9926337313887588 0
0.10434688532225778 0.8385418758637131 1
1.2120767312558902 -0.2918966554802005 1
0.41335254515566877 0.6945706136470517 1
-0.7661649108117321 0.8158127932841808 0
1.4128754073059548 0.9792767475275013 0
1.395581421167218 -0.8360159982763806 0
-1.5731389691674935 0.090130363124862 1
1.8045549985341225 0.3943929303056932 0
0.6990006094576664 0.6503189910430847 1
-0.8023608842692997 -0.475306957469918 1
0.7642855555578558 -0.7945382293204271 0
0.5020631146360977 0.5562053196266727 1
1.950759656722198 0.2628580133808551 0
-0.880706187264003 0.7946669352645961 0
-0.8843348928286283 0.3690724055805914 0
-1.504846104171746 -0.4295145623345651 1
-1.8402725322172815 -0.2695845871829041 1
0.8389318538560064 -0.08387085925618298 0
-0.3617345159901837 0.0880353557075455 0
-0.49749528015287847 -0.7559778923130738 0
-1.042055065799481 -0.11599762484158638 1
0.46314157097871966 -0.3541523867925902 0
-1.3978731825317814 0.6747268571471685 1
-1.0125615073308816 0.5569300146441301 1
-1.5733780877353323 -0.050050156628840936 1
0.11202972175135839 0.10209781531633544 0
-1.0177155802503748 0.09309015363513962 1
0.18557449310855212 0.14616599979303602 0
-0.6402745186580083 -0.9627683374992755 0
-1.4372498910922635 -0.757632593861773 0
1.9088322719146178 -0.7326841155854897 0
1.6716413232901512 0.9530014678997825 0
0.1720889298800441 0.022722873143550038 0
-1.5579799056558516 0.19958903410448547 1
-0.9028565347671003 -0.22061295277095816 1
-0.5302932205238311 0.2783984170345848 0
1.6790141204759683 0.9013727346872951 0
-1.6932419547572581 0.605929449561307 0
0.2518583316712837 0.6317015616957018 1
-0.6083485447054726 -0.6912613480287673 0
-0.8843284078769553 -0.3612836964343009 1
-1.2374502913736403 -0.47156071519899934 1
0.13149508735825455 0.6239374372999611 1
1.2243505715577352 -0.31583727223753577 1
1.5216345213756806 -0.21653709698301093 1
1.6188400507007135 0.21577264677231534 0
1.5725673542122314 0.6319951811893427 0
-0.510712532256572 -0.39086475177315005 1
-1.38065743272888 -0.09686047128200159 1
-1.2391929145438487 -0.31490102292740696 1
1.6177629509467528 0.6967401854768975 1
-1.1805677429326997 0.11224907730622169 1
-0.2953307456632195 0.025413285704862343 0
0.7743524272615723 -0.764372299874279 0
-0.8058355477630914 0.8223612376775695 0
-1.578685288377153 0.7041275908630242 0
-1.9378731008169137 0.05672790227847124 1
-0.6164420503219938 -0.7154449626732962 0
0.2803637586356409 0.7707418522950227 1
-1.4764146501701765 0.9160914044332715 0
-0.3324694715722858 -0.9639098224665115 0
-0.3137977219909982 0.14119704378049192 0
-1.2617810002688672 0.17170025724270999 1
0.4540241560403975 -0.9001276806407015 0
-0.6214253366489175 -0.7430913072219967 0
0.8754400883804951 -0.016553172229345492 0
-1.9324339800656958 0.8373490919080084 0
-0.7389114290120187 0.1074632915720235 0
1.748917626553495 -0.2593795321068444 1
1.9228236992815266 0.42438198681696626 0
-0.5989272516868014 0.320616980453279 0
-1.3792891721733218 -0.7273784159156174 0
-0.7801496385880018 -0.36687435303592 1
1.1047023212400329 0.9619061476903759 1
-0.7095429519866574 -0.07031988712441795 1
-1.6085144060173415 0.11778440186198424 1
1.3565754385119932 -0.6401057223884343 1
-1.801386228531889 -0.8101087300582157 0
1.5408666728112683 0.9696487879851818 0
-1.5607553690852538 0.5869894507442099 1
1.5861989679671606 0.4071858282225369 0
-1.7880260402929289 0.2008477447645236 1
-0.4984529834467075 0.9360704709894934 0
0.853757098113249 0.341137771463105 0
1.6823778296404175 0.08069676752817578 0
-0.6504733849924031 -0.11444538441553687 1
0.6320628174011369 -0.5956091204300982 0
0.42368484462993594 0.6589763561964483 1
1.673610133690389 -0.546101699993788 1
1.2030422929391364 0.2840464886531813 0
1.2553173425668827 0.7032409004050315 0
0.01522560138030471 0.8822051834568223 1
1.9831861870187248 -0.7670402348898155 0
0.6377021693116713 0.0021214552943480403 0
1.9353115563137755 -0.44210300007552394 0
-1.302372162555466 -0.5564155187120194 1
-0.9071307862706717 -0.387625271805607 1
1.4943470343402496 0.5569394981112958 0
-1.5296464754678967 -0.2980909143590702 1
1.7273397677432412 0.6210387181372163 1
1.3294588634490188 -0.2773364037551018 1
1.0416286736513891 0.9194225266854035 1
-1.2414036241154642 -0.6220492366868238 1
-0.6242111063247644 0.7474540386752999 1
0.7218858244893411 0.27358873338179945 0
0.45467824186231764 0.07957543797291344 0
-0.09112113848322734 0.1570937699682997 1
-0.06528902910503742 -0.953071501333502 0
0.14321937442816646 -0.595545977187915 0
1.349747081397937 -0.26528382077311274 1
1.6871378698923714 -0.5098397426740862 1
1.4989953343462625 -0.0855640550481791 0
-0.05000059461846629 0.4371544294966365 1
0.43864588417433836 -0.4247638180996396 0
1.895575328384453 0.37036335992834646 1
1.153759674543256 -0.39715178455898315 1
-1.4563523134719567 0.4051422935131408 1
-1.916515238109294 0.07185557998994518 1
1.3875855412283538 -0.7970364166509063 0
-1.7645317757256618 0.3347145455659628 1
-0.6935607783109989 -0.8363055201491192 0
-0.3095627675778907 -0.38361883579837874 0
1.3424222482473382 0.919389747907631 0
1.4324540066383387 -0.6246337763633958 1
-1.3936643686492838 0.5710762503948024 1
-0.3419018447228481 -0.10601934973933158 0
0.6042645244516951 0.03647482338113672 0
0.006258499101575499 -0.044110701640420524 1
-0.4778635624175429 -0.867583479581203 0
-1.1945314088743104 -0.9765124836518055 0
-1.8066631044062005 -0.6318384802928267 0
1.9766725419523272 -0.6964911917691126 0
1.355335773865558 0.36936242289134014 0
1.9556342834056841 -0.063404930026288 1
-1.5277493622044949 0.6209600936694888 1
1.5998761591521204 0.10981184179175796 0
0.7739850219860371 -0.4176318476604366 1
0.9428075674419136 -0.7036550650957134 0
-1.1661345276095991 0.07859210506623282 1
1.7445683629299857 -0.7802356605104981 0
-0.5437669335958155 -0.14421885890440556 1
-0.3187942313546812 0.7037085006684223 1
0.7721909599604762 0.5346000029823088 0
-1.58627719958006 -0.45020868827170935 1
1.2625311527142236 0.011973830007570019 0
-1.8331008408444647 -0.8949647860228667 0
1.27302656725547 0.9274514567161296 0
-0.31133972158351275 0.6323190908167662 1
-1.7738778701963076 -0.6303771450112796 0
1.810880880756204 0.7835747664975907 0
-1.8447365411647612 -0.5429208618464101 0
0.7340776662274955 0.8469035392938882 1
-0.649687781398975 0.0370299722033145 0
0.6405189231666508 0.38791079966245734 0
-1.3902362602725309 -0.9282926606069506 0
0.11721063533098253 -0.9397914243512502 0
-1.6807058722204804 -0.4328355388623215 1
0.19394044088964568 -0.8973838464263515 0
1.0215333109234646 -0.015343363828916878 0
-1.9685494024195136 0.2891258361709279 0
0.7034882810106309 0.03957436337005471 0
-1.3936763977877615 -0.28268651767581443 1
-1.3766767443687749 0.4768595900247756 1
1.2703747017124822 -0.28170499768115254 1
-0.4361662114117757 0.034185233041651 0
-1.2019523887327943 -0.8928070262141392 0
0.972959497138012 -0.7246863821098313 0
0.4672177603528396 0.14610238155384558 0
-0.0011868631149152264 0.608077882629317 1
-0.9162079197467072 -0.02667756788919573 1
-1.1861087922701912 -0.15711634385926043 1
-0.07612647316569676 -0.4858838795274789 0
-1.317138725607165 0.26442829009153024 1
0.09325084225060509 0.9143608952728712 1
-1.444348676671109 -0.7987400659737749 0
1.792406523419678 -0.07722271472633935 1
-1.6823494858853403 0.956698621664565 0
0.011048394990655908 -0.7033341204285317 0
-0.38225578083403233 0.08254791143336448 0
1.338215872839526 -0.8895235838328199 0
0.711614218181198 0.3435465903229873 0
0.24965679055187673 -0.13654070404236718 0
0.17671530488611298 0.8778303211328431 1
-0.9974936444852598 -0.19028611094926684 1
1.8804791873646094 -0.8930770160247679 0
-0.4260818172679812 0.8791083933677823 0
-0.7405248960619586 0.6404561677454719 1
0.6417705779370024 -0.32164426033098237 0
0.3424743623891984 -0.795812035292252 0
-0.7546869771614837 -0.18555662792827787 1
1.709817629747469 -0.7853861881767337 0
0.7381978413503671 -0.398158041978971 1
1.8586746767917028 -0.9947191136688955 0
0.008801610919305869 0.25841965822160473 1
-0.33278349281065855 -0.9352569059208724 0
0.35942805438704317 0.9214461809697669 1
1.1672379899656562 -0.10278159220423877 0
0.04689620727162147 -0.38023939687214003 0
0.04332527333793079 0.49582539310950136 1
-1.5315123850823973 -0.4034875052033913 1
0.18406989835254484 -0.11737455601152869 0
0.23359569635080035 0.41971114597264125 1
1.5205297701337837 -0.49144958571432573 1
-1.909085127542237 0.6093107892871685 0
0.09192416191112374 0.14174972994354684 1
-0.8532403776361925 0.6100492796291006 1
0.6487158902225736 0.13096007138593735 0
-0.464725719339079 -0.08188024199994137 0
1.3968378427095738 -0.24738145140680978 1
1.7735695686550064 0.5440593142864243 1
-0.8539263528415764 -0.026492701291466192 1
-0.2782329899884437 0.37564889705630744 1
-0.2102104294752296 0.43983236164300066 1
0.45229056840535 0.43733696231950336 1
1.9255253565197736 -0.49406840286370723 0
-0.5390298013164299 -0.23664341603616323 1
-0.9212142940304906 0.9078446824255448 0
0.40230085575618046 -0.5420916276897545 0
1.7395201987454132 0.8698016330740537 0
-0.9387072782731507 -0.02244870059054005 1
-0.07373789216780358 0.7167998404082914 1
-1.3724028464782942 -0.9826701044935127 0
-0.4680850624288935 -0.34744563973821374 1
-1.3110923031634383 0.2525273300925368 1
0.13363796144935502 0.29308619626249577 1
0.68252155722893 0.9285569022698286 1
-0.6484233262890866 0.5519569260775992 1
0.933043041023744 -0.3440911805307536 1
0.34060365504935364 -0.12264290804224642 0
0.67822275791305 -0.04526022917360062 0
0.10133956137971367 0.8459278036513151 1
1.5939426628572337 0.22996956822448245 0
-0.734942821472973 0.026320708381277536 0
1.6218379542490227 -0.14704832970079607 1
-1.128264206857319 0.010866622077918109 1
-1.5646237916274113 -0.20979410231216344 1
-1.9393087375311078 -0.975898928196419 0
0.2923282832880387 0.2951105814358712 1
-0.7656473204775831 -0.6925635108708195 0
1.8765619700370846 0.1935474103847148 0
-0.9081159573600908 0.2972184077267219 0
0.7286537729015397 0.260579028496573 0
-1.6281984161383947 -0.3960697208225037 1
0.8227365213010831 0.02523474265523218 0
-0.6082088348736594 -0.792298653753529 0
0.4072060250352858 -0.23777549363634098 0
0.37097299624940794 0.1764971409892162 0
0.771915076056346 -0.04256287082010024 0
-1.2293189080479228 0.8973060612792096 0
-1.8866548738210422 -0.057814298648305895 1
-0.9385951851384418 -0.3629048312340464 1
-1.5081587027258632 -0.7149146618337938 0
-0.22154215384109133 0.7913734517161695 1
1.0573490981716627 0.41325884056451145 0
-1.1820039902879045 0.18178317725386162 1
0.8944676786480907 -0.3720549536207902 1
0.6307013832910333 0.5075244023319099 0
1.5574126011018405 0.7487349455314489 1
0.3632737773533843 -0.7776395719119173 0
1.1570894400125313 0.8453943038666665 1
-0.9018542346898721 0.15218618587666244 1
1.4817868491206685 -0.8551382837754951 0
0.09345796347107882 0.6636375216831745 1
-1.407546105487779 -0.6952081239955485 0
0.5455970461004434 -0.6735555565724849 0
1.3124651117927741 0.7052574419917677 1
-1.4145956935010182 0.7008818485278199 0
0.11082743931611594 -0.8447943860037253 0
-0.3297183320661543 -0.2602032907653822 1
-1.4797022172690708 0.5616598460735214 1
-1.2192974597359476 -0.378965546707311 1
1.2902143113682993 0.5132024184863593 0
0.5221578359945362 -0.07947401470236448 0
-0.1388234992578945 -0.8207192831180006 0
0.07835307662155655 -0.3147474102235326 1
-1.9443333362299726 -0.31084935849081186 0
1.167946534893248 -0.8442501961948978 0
-0.7811082607746296 0.5081218742003035 0
-0.9940167431140736 -0.35837195184332815 1
-1.053536561328965 -0.6721739600095775 1
0.06581165196409478 -0.8350832960600219 0
-0.28650107011311343 -0.8156609638865353 0
-1.7211632740645486 0.48712617797592084 1
-0.6059937623832439 -0.009607140468282038 0
0.08428900330198319 -0.052077012047282434 0
0.42298192611260577 0.011309730913740879 0
-0.48771590872103054 0.05466932269812985 0
0.2110852431020076 0.6360355739431554 1
1.6792247464007866 0.13393433771605978 0
1.2325946855047651 0.5728898411741119 0
0.2471418140910595 -0.7189219279942551 0
0.9000922246465413 -0.36957994856547094 1
-0.7023427487328608 0.3479430613028607 0
1.466485433020487 -0.5679776815896671 1
0.02134764333779815 0.8231241454762264 1
-1.085682920212125 -0.08889083691450717 1
0.46446615935353996 -0.3599564773346675 0
-0.6277627572709243 -0.5942906115600912 0
0.011616935857739374 0.718518314977483 1
-1.875939859728585 0.01142932637032601 1
0.2590597413973401 -0.15289461150751604 0
1.7109424359674836 -0.07213624788914164 1
-1.15774581860709 -0.26740267571346643 1
-1.8743641010318872 -0.7013146122635578 0
1.632373898956386 -0.6165252243489572 0
-1.1583383341972149 -0.6323514702634709 1
-1.667608706394085 0.36063512194737934 1
0.38101138033294824 -0.7516056023020024 0
-1.8250050995353635 0.5377784443440998 0
0.4620602700084038 -0.4650435346603301 0
-1.5683190909034508 -0.16791545088361937 1
0.11848600731784042 0.3061153554838798 1
-1.469837617967325 0.13951776416377326 1
1.289063471692764 0.9620085529670244 0
-1.6972210653490318 -0.23728891700059496 1
1.8542047475057792 -0.8565203333187228 0
0.0744410416241168 -0.0675744690673612 0
0.24521208341740852 -0.3369864251689292 1
0.2706394976770228 0.062119896697799826 0
-1.6751854251754712 0.11112085717448239 1
-0.13749434185751808 0.1339131786490695 0
-0.03170479505965673 -0.5455294421025405 0
-0.2518059512792057 -0.29125384726402204 0
1.4995555620871368 0.4599824231343794 0
1.6146078511130821 0.21225147310167292 0
-1.233722436009335 -0.21254278750127753 1
-1.009807308744234 0.8358560391023857 0
1.9691843385290366 0.28190733978886073 0
-1.3542153171061364 -0.69447559372023 1
0.6655991925145028 -0.9881593993414386 0
-1.114752192538302 0.5558401467056571 1
-1.5958001353904483 0.9990665106291732 0
1.5123654152322712 -0.5382462705979296 1
-1.5120038482414628 -0.946064797939552 0
-0.8429786604177085 -0.46342837332973597 1
-0.9658889756767786 -0.7618595041253373 0
-1.762077132266278 0.23664447566502322 1
-0.20548607639391792 0.32236964031224447 1
1.258106963603109 -0.616290237184022 1
1.6262046337763976 0.44108112471973326 0
0.5237032002431885 0.7258979403372521 1
-0.6279492519644609 0.23367889841813994 0
1.0740222438183493 -0.04915109677894702 0
0.48082802435824323 0.4144708074978243 0
-0.14494623368287174 0.27502755255425604 1
1.4307518710801 0.7520530772262701 1
-0.23883419674982864 0.8997703334876677 1
1.2188434200414164 -0.16479893583137817 0
-0.21545017865299565 -0.6869718624319296 0
0.008075130375581274 -0.9934898825464091 0
1.1339109678262593 0.740202456197147 1
-0.2602136818736551 0.5024076236944253 1
-0.10111505176647251 -0.7624921573278192 0
0.8727940483997529 0.5604744073019656 0
-0.06352366550575095 0.43134904130206575 1
0.20574705783617153 -0.39027735104784234 0
-0.8480776741829672 -0.3800491169351823 1
0.8564586539352743 0.22120640654448742 0
1.8019670236527614 0.4855004000053462 1
-1.4872014607116038 0.46331087305864926 1
-1.8044944974028683 -0.4905262977104876 0
0.8777367952040076 -0.8841326127054963 0
-1.0168904713937406 -0.4917814569354535 1
1.3618988671162788 0.40753732391276043 0
0.3787652860094317 0.9522352839041219 1
-1.3269890613012674 -0.1964107498125136 1
-1.608670879654563 -0.07295178021171345 1
0.3834869930730993 0.11151504366411702 0
0.7832990379910596 0.26217359957713127 0
0.5699817819544695 -0.8115864144256311 0
0.4998940035267707 0.9878523685675327 1
-0.4461036954534787 -0.6657274111750369 0
0.4515042274750787 -0.8995832895713309 0
1.9707236243288562 0.7534326240001228 0
1.3599556932353853 -0.32303051002158045 1
-1.7452499855648425 0.4632961567440885 1
-0.14612451211998234 -0.5565618143040334 0
1.9095743782036032 -0.6610194996175427 0
-1.8260994753580402 -0.9108027802434591 0
0.3693703741254639 0.2632667158701627 0
-0.28290572126999614 -0.03864242268271223 0
0.3156847699879437 0.6242111672921407 1
0.6934304530406648 0.37989124744543123 0
-0.3413933755519225 -0.045932011428239994 0
1.1552543116824214 -0.8682824806387044 0
-0.9786520722091328 -0.17248057990229992 1
-0.2870071302850916 -0.2792528573109949 0
0.541145531547766 0.33055732332393384 0
-0.8331169097611251 0.6372077872980211 0
0.6490465330122088 0.7644713620273262 1
-0.8113428252690484 -0.922644829002544 0
-0.8071035119262455 0.7913882337900864 0
-0.4176012034316212 0.0492960832838365 0
1.1914688852898068 -0.807581443380321 0
1.104140720283632 -0.4990373155517045 1
-0.7385242372468079 0.39603027939839364 0
1.7047293118527653 -0.9412065200360469 0
0.879980495299368 0.47701150219494526 0
-1.583514066777898 -0.7047331490546846 0
-0.8829030490769463 -0.29970954012443185 1
-0.8264082512450863 -0.4349246265159681 1
-0.25085141338702543 -0.26237416700152605 1
-1.5301663700141335 -0.607486091308828 1
-1.6885336981747257 -0.4766892619734211 1
-1.4597306121690714 0.7233769365212914 0
1.8990548698090972 -0.9212257111594715 0
1.319980213529647 -0.6124136683662895 1
1.2063620115454268 0.24444854563371177 0
0.772524417556542 0.17096429671144486 0
-1.5881308163366246 -0.22669739149563695 1
-0.7415995056955622 0.28650059492184377 0
1.7364951538019628 0.6688565436217357 1
-0.22569040411684105 -0.894902470951453 0
0.023509014091611657 0.897793226735631 1
0.26083376311195305 0.2694569832930829 1
1.526942213616806 0.2569930715494586 0
1.8674402655995475 -0.6004455074631185 0
-1.329939961886093 -0.7221542581843954 0
-0.8627184827098913 -0.20024269914178228 1
-1.0919365244526795 -0.25403504798710785 1
-0.0025432103895184355 0.5730891930696205 1
0.2919316930795892 0.3410807753140377 1
-0.4028900238155133 -0.5058420346847572 0
0.99808705448834 0.2568741479117773 0
-0.23629578032035337 0.9195127820868736 1
0.5645710628728731 -0.5907564800867773 0
-0.8546846526611955 0.973222219455943 0
-1.0109671887656244 -0.3962023139513018 1
1.0664689149012525 0.8639235588582217 1
0.09678383323844164 0.5377161700447539 1
0.981644623120832 -0.4466552058763895 1
-0.6178887786687213 -0.5277936640475382 0
-1.1883956031856076 -0.8128602163076266 0
0.18053506228154514 -0.9682331746868831 0
-1.7157974424233657 -0.4435558147840313 1
1.6936109935642212 0.09796656446144403 0
1.9994058874372254 -0.016174048196922586 1
-0.25288689949334575 0.7475972232996204 1
1.3505462456464041 -0.20587873537079848 0
1.4143796271501627 0.9507659559078241 0
0.6859892584399887 -0.3608529117925312 0
-1.5558621997035158 0.37573536493571846 1
-0.22905854695417815 0.3429880535589316 1
-1.836921879943286 0.6138652070861161 0
-0.09017283208433069 -0.051021007857593226 0
0.44403629375677633 -0.07302851044916281 0
0.5788850721729286 0.9790085833419648 1
-1.6474509977319962 0.45801958532664866 1
1.8722145985886778 0.8086058447745279 0
-0.12168761269819006 -0.8968589994226299 0
-0.8597376185355197 -0.7835907908351227 0
-1.4590357254254833 -0.8640446468510221 0
-0.9830928701998198 -0.16680495537545692 1
1.0878920965169963 -0.00938333298363192 0
-0.37077231373082853 0.5919826494005616 1
0.068388828373394 0.41690642995602767 1
1.7399862537120585 0.7436594926560791 0
1.0795283365038202 0.041464411073524055 0
1.759274992792899 -0.9123703112305639 0
-0.9198828817465072 0.7487373794459593 0
-0.5579022674952223 -0.09998460641072193 0
-0.3068239681110052 0.34768690428906623 1
0.10110370345698572 -0.39414760643062485 0
1.102278515765617 -0.05472582333765219 0
-1.5333629499081298 -0.20618793466015384 1
-0.6492548379815424 0.6920234633870719 1
-0.022332488916966486 0.00358965020483204 0
-0.5365919762421587 -0.7341767021534615 0
-0.8496320894468621 -0.3570977230932755 1
1.130588025024823 -0.31492783648227896 1
1.02434123749669 0.3587661198409342 0
-0.705942084856189 -0.9731221950083853 0
1.5956306119894457 0.15711501152576757 0
-1.8272779857254657 -0.4503573149798059 1
-0.3909421446958592 -0.2401810950058394 1
0.45480371363514394 -0.2639518212467735 0
1.9030885819635062 0.08041318497818262 1
-0.20386126071248123 -0.3374092292330124 0
1.8584846075394923 0.9393673925669639 0
-1.967213639110108 0.1855381856411713 1
0.09647467762475248 0.5234690614260342 1
1.5691190581851484 -0.6654769769649613 0
-0.2846845459808578 0.8035240591678954 1
0.7941284313091233 0.24546126321319117 0
0.9510179695647492 -0.3072985413072069 0
-1.259926615215742 0.47776290157209345 1
1.858899125742786 0.10041461563610632 1
-0.8493454877151887 -0.2622686039504072 1
0.5477136574415944 -0.9927237945478844 0
-1.796889948948074 -0.7171285562360818 0
-0.12281170094610072 0.8664849853283414 1
1.2117943971243053 0.6911498193813257 0
-1.4410304695841982 0.153179441032828 1
1.4861463765633003 -0.21940580547004895 1
-1.1226567780370056 -0.3729386888512978 1
-0.051113492024613016 0.7723686402148322 1
0.1816174637847512 -0.15887635531043154 0
-0.8789767704767506 0.9395611921500753 0
-0.5150259177809207 -0.7734698840221401 0
-1.8242736950683853 0.6555452005931701 0
-1.2166936211766721 -0.531818145350456 1
-0.8437422103209831 0.6127582029587988 1
1.2777902411184394 -0.14605853838795446 0
-0.850482972016743 0.551113309129688 1
0.0519034159309153 -0.0908427059229242 1
0.8196692118326232 -0.12004230012378914 0
1.735635565494217 -0.9180343683255145 0
-1.1009484640125353 -0.9175177445485836 0
-1.305705116393297 -0.14307550765091093 1
1.3456241158938718 0.7734731685455727 1
-1.5724125037874663 -0.7529906738884671 0
-0.6552355235239355 0.5763118718740761 1
-0.9838486323811653 -0.3491299053139405 1
1.0789203042786801 0.20904410729611755 0
-1.8509793725858517 0.33842231292338054 1
-1.4507833023831482 0.494031759750585 1
1.9403379517201307 0.6264574055702719 0
0.4453638041860075 -0.30109268108142206 0
0.8513710806643346 0.3121137422339444 0
1.6534454802583407 -0.40955248498476404 1
0.669166118063667 -0.6421403530461132 0
-1.0500708015366618 -0.9003991341301381 0
-1.8487735305457522 0.3397669227262441 1
0.27247268176734174 -0.6833893294657123 0
-1.6443576944461782 0.7320265519372033 0
0.6119137659764085 -0.9382615339198459 0
1.3368791525684331 0.5128882208870367 0
-1.7149134626037648 -0.2386290616476301 1
-0.937689490482116 -0.8050582468553842 0
-0.32456740414743424 0.015680554554647452 0
0.9633645789523371 -0.2635325121704801 0
-0.11035405843395418 -0.2843173172465667 1
0.4554981740518729 0.8291680155672372 1
-1.7565781810020566 0.5812755940531544 0
-0.6908115249261955 -0.9691026681330055 0
0.45376816584857727 -0.9066132533806894 0
-1.4627284263389146 -0.6894434143910533 0
0.8914545045225184 0.7699479407393803 1
-0.9318322408732254 0.4902595278074735 1
-0.05636201855071077 -0.38925258351057357 0
-0.5306330053342747 0.89641350933449 0
-0.715306106561715 0.047279534923930555 0
1.1661220418593121 -0.5841160808807884 1
-0.9230504337616514 0.15676986605286425 1
-0.8025716815357669 0.5577569305522607 0
1.893413502693642 0.5522316024866134 0
1.7148062294724804 -0.7438267290196128 0
0.8630857323087131 -0.39175819040093907 1
-1.1893737110274674 0.38845423595113093 1
1.4724068781728414 0.41986553348477096 0
1.9456062550169748 0.08679273975511403 1
-1.9326215209229698 -0.8375231913873891 0
-0.2140426652345937 -0.21620930165536278 1
-1.1714108337302425 -0.49337754435810144 1
1.9451580570935625 -0.21252793531664405 1
0.23105912609653734 -0.7082862103712615 0
1.1444811170334477 -0.21076861618991494 0
1.2512481822247907 -0.6557626948625552 1
1.5331943077937713 0.858114301125031 0
1.1693545328722506 0.5341424280535241 0
-0.43464265022317017 0.12281455977829014 0
-1.6299643864029472 -0.3459475726578589 1
-1.8207556815156103 -0.8483357278036541 0
0.27725603112779673 0.042832957917136705 0
-1.0545092930853457 -0.8195884273663092 0
0.1553736976378941 -0.5344342001828271 0
0.86966074506921 0.789776379657779 1
1.879549572848017 0.3754998649288175 0
-0.7539429910177411 -0.5695476051280961 1
0.2863050214039 0.5580054480133994 1
1.502979049071096 0.4518328446134723 0
0.3621433403490797 -0.8654945734568247 0
0.7084582766002141 -0.041465413957665564 0
-1.4080764503887133 0.5420529619222434 1
0.5888952280182265 0.7263729396141334 1
1.3917866830099177 -0.6017896061213932 1
-1.2686221383770895 -0.18052782446799442 1
1.483264928112093 0.8708330610979784 0
0.9128514213501169 -0.941358669373497 0
-1.3569301530139084 -0.40690217135964524 1
1.6525693443193 -0.2711441896092277 1
-0.6072174028312189 0.6816548301855525 1
-1.6340449986349292 -0.857878479222022 0
-0.24332922976436056 0.24378995156783545 1
-0.5391200356468273 -0.5620924071447633 0
-0.5918320305014975 0.34416874471239867 0
-0.770368187152255 0.8861402832807002 0
-0.8820187812615514 -0.40361247763382946 1
-0.47905902036290193 0.21977646370660997 0
-1.7535557228542111 -0.695576766760845 0
1.3820864869960499 -0.02892987699398719 0
-0.9574079053422757 0.6738986716791553 0
-0.8194195607938819 -0.10197937133705226 1
-1.6502319287206428 -0.7069664658545978 0
-1.6968210084849153 0.6330531588676485 0
-0.7251318338808836 -0.7276846534627834 0
1.8381419708120639 0.7323562938154267 0
-0.33645936288725675 -0.29093362548994106 1
-0.8157186847254176 -0.45273159633797544 1
-1.5374257185163955 -0.646657857688955 1
0.04302819960388282 0.7079879265227087 1
-0.40428231820303573 -0.3539540401638497 1
1.1050768910471103 0.6324300895930688 0
-0.06083452625095065 0.833536687745063 1
-0.6496179618254683 -0.5468787899323515 0
0.1795701251408901 -0.03546817624970333 0
-1.4700211316725142 0.27358748360983953 1
-0.8904627055981091 -0.47850348818956845 1
-1.344264364296429 -0.5473275441009855 1
-0.5925224707218311 -0.9826685054649624 0
1.8654713134917844 -0.3096673053639982 1
-0.12296317243895283 0.6371399968470777 1
-0.7997567219360628 -0.9063212487705685 0
1.27047589562221 0.7585811263712514 1
-0.5637875630883524 0.46638288620874935 0
-1.7489902047368737 -0.7782279627093278 0
1.228195186232365 -0.18476907521011166 0
-1.5634644236273907 -0.15108508092189554 1
1.792465032774178 0.18848871305247994 0
0.04568544657265994 -0.42183559541840965 0
-1.0800126586313543 -0.07908867682436194 1
1.8666899155373056 0.6053176619402858 0
-0.3656120968340799 -0.1303467581520945 0
-0.4425919232942892 -0.12562335577234407 0
0.10558491647709012 0.7995442482545367 1
1.9128004664508604 0.8918308447553074 0
-1.1066585141951935 -0.440058040968057 1
0.06307953722660598 0.17049404236129817 1
-0.41581666665697714 -0.10880715120497952 0
-0.8983527900107355 0.3156990245695199 0
-0.895328154583618 0.1651145893439172 1
-1.9251209427033658 0.9449840604447808 0
0.39534413504322163 -0.17206512899530635 0
1.6216593612691979 0.4487046328045061 0
0.9870435152278829 -0.5437600934661164 1
0.7342893530812797 0.9935828146596639 1
-1.9158022352175093 -0.22624972770696283 1
-0.45616193347789435 -0.5192393830326902 0
0.7745272566252535 0.7354346064104618 1
-1.7601687626369058 0.6466639860208288 0
0.507242090426208 0.05922110286211457 0
0.9235265021628956 -0.6382797245326044 1
-0.5241643941527303 -0.24590941011599865 1
1.6817036975929005 0.33534609444940777 0
1.0814951475826837 -0.6235134747042017 1
0.4857973679768439 0.13847710427486404 0
0.07353824785390728 -0.7738484826267304 0
0.6775676086385629 0.04773756115393324 0
-1.5533922515205676 -0.05629399401447199 1
1.2197914440000321 0.9612803899885742 0
1.7406455313055114 -0.24218607090956445 1
-0.8561622585342965 -0.2422746463568617 1
-1.6959945624528734 -0.9103783379022878 0
-1.363475009504897 0.011401481450280526 1
-0.2438484519408295 -0.04102040048727118 0
0.22811811732296006 0.01386046054801282 0
0.3433481851365747 0.3980787634719398 1
0.7737414523084185 -0.9676590629633925 0
0.1946620155378258 -0.5714369801961612 0
1.9033372536780662 -0.055069637739510346 1
-0.8906285131412317 -0.7604560615815281 0
-0.6823877717179672 0.38726405393298924 0
1.0348454825215958 -0.00022326770216385405 0
-0.6081109253384844 -0.056495596659245306 0
0.08497452343277079 0.47160898827529585 1
1.056951939332293 -0.1959217889009155 0
-1.8354355537407145 -0.7040635422056127 0
0.041762750362495105 -0.5784084541663026 0
-1.0901792506731467 0.31251762881905853 1
0.4248667216411346 0.005624518627333597 0
-0.7193072737771824 -0.20953260813403563 1
0.3332208099521643 -0.3712699151917498 0
1.9504253141125822 0.5140454145567055 0
-1.8590204801371533 0.4920523954620444 0
-0.8094416827703825 0.3168920608758763 0
0.7520475641860327 0.4258067271652748 0
-0.9089115211713592 -0.6456302322939218 1
-0.8186266622845593 0.0772770992525793 1
-0.41429066120942704 -0.009230713069594554 0
-0.3666084413787343 -0.13475420845003483 0
-0.23045579938406435 -0.05708308635209436 0
0.5756506444211249 -0.08553879273030729 0
1.1125940683205462 0.1495255383680396 0
0.9402942519963045 -0.3484448997503633 1
0.3498383680409276 -0.14477102870971326 0
-0.5412004368620877 0.9586871571527862 0
0.6364694969013223 -0.47242172511705527 1
-0.8686865523439433 0.7271214792560576 0
-1.0909295741374399 -0.8154119632157941 0
-1.032511674939553 0.9141520765099758 0
-1.0321388242828022 -0.2968754117449979 1
0.9009308607484594 -0.9089413740487571 0
-0.971731030232962 0.2673692649866628 1
-1.2122453915487745 -0.7495984469287473 0
-1.1420254865692945 0.7269855599331505 0
-0.24745510753171462 -0.08574423383374463 0
-1.8861886986705598 -0.1604273055963239 1
-1.340767661556432 0.44414276800987684 1
-1.2154496097502494 -0.9926189068491507 0
-0.3644611238820916 -0.2843098182993027 1
-1.3986684373294462 -0.770417861083003 0
-0.9721119909652809 0.6127035962680931 1
1.5781844976705406 -0.49890046414125555 1
0.7975420319076156 0.21577686733112422 0
1.1467103121589366 -0.0681218976007294 0
1.482415955630394 0.5211754870351464 0
-0.5763351654051379 0.3296810834205324 0
-1.0077610669713728 0.70604868569928 0
-0.5022466585869583 -0.24142849106056974 1
0.5709489299442883 -0.6721922067835566 0
-1.0812064960658394 0.36144631741713074 1
0.6786031969311854 -0.6583036678036054 0
-0.28716103333982534 -0.1524630249063983 0
-1.0232942541114896 0.7983330285384853 0
-0.42974190644662924 -0.8812212602532086 0
-1.2536774448014945 -0.3009097110255594 1
-0.6588381180667748 -0.6955865993292989 0
-0.5689783483406217 0.2897094307710699 0
0.11776054897267718 0.9157064474058934 1
0.7498866576685548 -0.6036509777920032 0
-0.448324109808512 -0.2795641010776755 1
-1.4617067740379448 -0.7803174425257666 0
-1.9146791619532237 0.9757892429012474 0
1.6731363141555295 0.03295434194658786 0
-1.4286955386212465 -0.7582213756877647 0
0.32312635151173463 0.7168389699393287 1
1.4878860629566857 0.1139017506874096 0
-0.6859462306171067 0.017073791527503213 0
1.6407645863450089 0.29275283312260725 0
0.3953123548066557 0.1629791085151271 0
-0.5987453562984109 -0.7332473800222632 0
-1.1530338696423703 -0.344328789050278 1
1.3684991705628038 -0.7608572234921556 0
1.3546887075050136 0.5448532725154649 0
1.9162487786919846 0.40669801484857815 0
1.1736313461932832 -0.983213227187852 0
-1.7849296007875046 -0.3484540385208048 1
1.4284342220314574 -0.15874893558179748 0
1.8566108020594525 0.5318389966733483 1
0.0659122537169492 0.706539734616207 1
1.8340264238004216 -0.6581659516321492 0
-1.4787703089141524 0.46170865227348235 1
0.4159872580685602 -0.1993193949643779 0
-1.1900942637197724 -0.2776011829464389 1
-0.21585772731120167 0.7757530185091428 1
0.9319162537089896 -0.12512818785754165 0
0.9952547929621263 -0.6965614744146833 0
-1.0175345702537322 0.07823779099945583 1
-0.730242704149604 0.6598878995436064 1
-1.0454316702647497 0.8109873519472659 0
-0.8532605572656915 -0.18173688523279807 1
0.9807167866173425 0.5500047821834404 0
-1.0460444471812744 -0.8027972007619291 0
-0.43336830679570104 -0.32053817665517537 1
-0.2124079779672181 -0.6572932329720915 0
-0.7959524907873319 -0.6394789727589372 0
-0.8017860435603956 -0.0722916710784045 1
0.8000644197586491 -0.5476705851996624 1
0.6100196497324895 0.25012285731999784 0
-0.17517527405972855 0.5457071600611285 1
-1.7001146119710429 0.12478240285407027 1
-0.28118027165436343 -0.8500934765486869 0
0.18486634136740143 -0.17131772196432427 0
-1.1924567088075078 -0.5821601434988344 1
1.3013609735835088 -0.14167022155316444 0
-0.2858344947434106 0.26524309597910034 0
-1.345244303061404 -0.23486172099630998 1
0.11675674713299555 0.4925988715809184 1
-0.754965920937436 -0.9547845063516114 0
0.8194973615557348 -0.5345203192655719 1
-0.5830282038875034 -0.753669087666305 0
0.06991227132381361 0.27023799854779496 1
-0.6155821464408575 -0.007325412653489405 0
-0.9446473577853882 0.29155732934339906 1
0.36949797379617033 -0.10197326148349495 0
0.5762028585302281 0.3757328664227877 0
1.5092896127043143 -0.5877287627259473 1
1.6266696948126058 -0.3897298439216361 1
1.3761329692468247 -0.865875679049336 0
1.8763576293744917 -0.66891603803153 0
-0.8127174747570827 -0.0785682832066199 1
-1.5723626878499068 0.8409443124647116 0
0.36711976197155893 0.1535736494730584 0
0.0029917566578450128 -0.010850151249402806 1
-1.9365619273870136 -0.5347105595845729 0
0.23423043711351843 0.23060213369830573 1
0.07849352101637441 -0.6396054220042404 0
-1.0779003221745511 0.009893899251268268 1
1.6784262115803075 0.33800880615433626 0
1.552566464442486 0.34187636589726655 0
-1.9238696895415535 0.5200205906846267 0
1.8425542812775668 0.9434926235573753 0
-0.46483119694807096 0.608694290349487 1
1.1469976151213448 -0.8159797816620251 0
1.9744498269105208 0.9864760299603914 0
-1.2016888697610182 -0.5363770391687273 1
-1.3534392357065053 0.3744514876519709 1
-0.3600087849488509 -0.7874460119501874 0
1.615201606847608 0.41439029557485885 0
-1.5687523135481354 0.006507051521351004 1
1.1931721495623426 -0.7463803449672735 0
1.0125249887642198 -0.6691871816157331 1
-0.14590869148647334 -0.025123280969433948 0
0.9249330182104449 0.39497504882512047 0
0.4070763682750038 0.36841604689482943 0
-1.4853159786921806 -0.754649495015046 0
0.9501743430294578 -0.4113748373922528 1
0.11566825960390492 0.6889335963191661 1
0.147840850402416 -0.6766378882774715 0
-1.0165252637239366 -0.7109959158166894 0
-1.4733028415417362 0.8495040983415094 0
-0.8695914325406688 0.5834668657317543 1
1.355774931537999 -0.2143555537214512 0
1.1648102891578662 -0.4625863463901607 1
0.6205197315237876 -0.38389201081926316 1
1.0614637041153152 0.05243424152243259 0
0.8410521607787214 -0.359132059369192 1
-1.5288496734041717 -0.5592380230056369 1
-1.465322207324908 -0.5484353091199048 1
-1.3253354077355528 0.03140151932692126 1
1.130431344864948 -0.5670283560471459 1
-0.6024219429465356 0.9941550252234328 0
-1.6066385775501932 0.9169616374501461 0
-0.4569541928824985 -0.7801496681501969 0
0.5751211685194026 0.4073441202253356 0
-0.5373917921063791 -0.16823802718354064 1
-0.3289986365975346 -0.3599098630706241 0
-1.2125636694290285 0.16805673695950452 1
1.6260765788569929 -0.7887655748303495 0
0.2508049775660641 0.7937303221473726 1
-1.976871031741695 -0.8882355036946206 0
1.1690611133760194 -0.44966010402541867 1
1.511572660364533 -0.9596419142037058 0
-1.2819837292941654 0.24441815391898203 1
0.45367911793528215 0.9817745925274288 1
-1.4716385000261938 -0.9088460834588912 0
-1.7951198144837255 0.7234237204692033 0
1.4696551643686635 0.8443427149751723 1
1.2764507112864871 -0.4582127516300831 1
-0.6534763287902643 0.1580910165778533 0
0.08877119812810719 -0.028636079823320726 0
1.0065806059113735 0.8369634106494408 1
-0.2635779633239217 0.03146082657408966 0
-0.1278455952203621 -0.7271454906693515 0
-1.728572715741631 -0.5869651299030743 0
-0.07067108003619493 0.18527472753507568 1
-0.4222308341197172 0.13404388114596033 0
0.032537748257996935 -0.9476136536785278 0
1.138077744537311 0.7064020638478399 1
1.976362220285114 0.5258419502776799 0
0.9462145498666641 0.2142499603558039 0
-1.517818627849128 -0.7563243828379222 0
-1.8404575725225913 -0.41751662104427445 1
-0.042016549253132585 0.8584476665111793 1
-1.5892156662096788 0.10487651056096547 1
-1.9275366772529412 0.3652475529853263 0
0.21885888357435945 0.7243470282064559 1
-0.196922620312189 -0.033622467401914546 0
-1.7564676559924055 0.18613158685322118 1
-0.32132190883044043 -0.4297890162011859 0
0.27791792290406736 -0.1270823056657866 0
-1.5935219055520058 0.7146647242382522 0
1.7114062259359044 0.6268828748086794 1
1.0047933150326842 -0.23943494848802516 0
-0.8200600472039339 0.9594985906054998 0
-1.6253043828830709 0.24653685373360412 1
-1.0468078920184225 0.6525350369807561 1
1.5036442082841335 -0.033857783659956286 0
1.1234893169692861 0.04703100806719074 0
-0.3601204550687007 -0.9587073951004239 0
0.16752713470585867 0.49472052427160995 1
1.072332085934848 0.975369290590363 1
1.793460363101206 0.20687657934101877 0
1.0287962017788987 -0.7580703608677679 0
-1.888648886731688 -0.883296973973209 0
-1.3606741659248662 0.16916664213354737 1
-1.758344270748207 -0.9084126300385873 0
-0.4213856551337001 0.04734097543835625 0
-1.4105782065692036 -0.5369079442634357 1
-0.39978871228231583 -0.9539311520459386 0
-1.928136850900319 -0.774069407105964 0
0.19462978747299964 0.19205993166345503 1
-1.3732794984793877 0.6006479367522097 1
-1.9733558881766449 -0.23548363874885236 0
1.9492042808309304 -0.06532763927089769 1
-1.2067471888838428 -0.22686984035503066 1
1.7487426652908216 -0.1172873806882686 1
1.060837556209365 -0.23327509960023707 0
-1.3234668988070357 -0.9344229980293737 0
-0.8442535090590377 -0.1119333853060629 1
1.8404798275511869 -0.1366981001080234 1
1.332749934002778 -0.22752750673811017 0
0.10695912644131145 -0.10223809474501855 0
1.5649111696656477 0.9027284921600485 0
1.367835178930945 -0.9867777695494486 0
-1.6492399700026827 0.6807365749260774 0
1.695672629717822 -0.3901567624222608 1
0.110367498197538 0.8720390867778143 1
-0.8993053422810235 0.8991429088910712 0
-0.14434256232041864 0.237124777165731 1
-1.8926380687725972 0.7832819897313601 0
1.1459343946702312 0.7159742941597456 1
1.4594410738322754 -0.19183572351409528 1
-0.18777763554123172 0.9241462008107042 1
1.7694896856219167 0.7139248301979324 0
-0.8869419226323978 0.089946863894667 1
0.5936453306475196 -0.2166036465086243 0
0.528318021132197 -0.9404624753451856 0
1.581878542535963 0.7029983087308631 1
0.34811336064308174 0.18587401314262686 0
1.1209153831359941 -0.3631956368183864 1
0.5890711435216187 0.17110087432539345 0
-0.1478243330868687 0.19720802498592538 1
1.7498426692638653 0.48660504910304647 0
1.165561727421172 0.04703980312017797 0
-0.4766375590473291 0.954114107460561 0
1.139634161236069 -0.48859456569172366 1
-1.25031519432006 -0.36539069988291395 1
-0.1464308607962428 0.8227963910503375 1
-1.7567421467735382 -0.5036094037879939 1
0.6652416316437204 0.6767064191800862 1
-1.1986372977593929 -0.20245609006780985 1
-0.41403075884438234 0.6682740995010437 1
-1.527422883527441 0.3934180976802375 1
1.453198237015918 0.41855527807025883 0
-0.7914110082930179 -0.9040838828411091 0
0.49110938102087776 -0.46593696898801396 0
-1.0537090690895106 -0.7480280794916792 0
-0.4205255333457978 -0.6751041808377387 0
0.2138828249900686 0.7946361297032678 1
-0.9312122537080167 0.6741425537417531 0
0.3953534634854776 0.5826679153537178 1
0.2717859970838967 -0.397987056109933 0
0.8761965523898301 0.674793042594579 1
0.6609741618573408 -0.9835967128119649 0
1.8174660337112845 0.32263236343296975 0
1.2837316043655025 0.10394095903927547 0
-1.4500309238460236 0.42220014449658594 1
-0.08283700640347735 0.5867456746828468 1
-1.1594514994283132 0.39114609598630934 1
-0.60916714168442 0.5098383894532845 0
0.8240799256585971 -0.8278193342290625 0
-1.447964161210478 0.6217036371722935 1
1.0673821763612263 0.06860998014162356 0
1.9968004673450248 -0.8541532430505552 0
-1.7942124407218727 -0.010516757881117389 1
1.8599893020227514 0.46938582205318635 1
-0.9501763545669668 0.09427132196500843 1
-0.7796590132869339 -0.8741587580392347 0
1.7144670301385507 -0.7668513743726983 0
-1.1777618065797113 -0.3638056704877999 1
-1.008243124664543 0.8943689116068421 0
0.8143357784019143 -0.7925971785594135 0
1.33696894076115 0.9498435784395376 0
0.9400512889485868 -0.10278710235885313 0
0.46038729542528767 0.21773092706596464 0
-0.4149634510858413 0.25081335277401284 0
-0.6025833883556762 0.5502030740047665 1
-0.992994869528697 -0.8505370533284387 0
0.8770434830821681 -0.6603577870608548 0
-1.3382506553611924 -0.3801055425813402 1
0.028868072067986805 -0.15125752806259785 1
-0.22318344536442458 0.5805661820975978 1
-1.752523602714874 0.4705956240189002 1
-1.3876711519073095 -0.5988814886505194 1
0.3651350552536541 0.9956227086196632 1
-1.5267646450081807 -0.09550897844515616 1
-1.370605418481972 0.8257774153640982 0
-0.2153110473644304 -0.9080296096256597 0
1.6978721002363808 0.3782938339707387 0
-1.3414912323247328 0.048746921036853186 1
-0.4867102423581251 0.9081913759112372 0
1.1351523140833266 -0.7715142190839475 0
0.5632867782252209 0.8754885096629288 1
1.8360132664427908 0.6395195304245318 0
1.7869292406335444 -0.14233719746679396 1
1.984751686250418 -0.8258214790583933 0
1.9587567904075067 -0.5327192876681754 0
0.4941787931576309 0.5729837745656452 1
1.9377697460456313 -0.956907030787679 0
0.20747417284744918 0.9013287781925183 1
-1.3909918528777636 0.24164906495256355 1
1.0495627183730472 0.9555681715105675 1
-1.6899230019123586 0.33329020930922293 1
0.002712622450780078 0.18641333801754967 1
1.8684860913699568 0.6118325284642852 0
-1.4992083336538218 0.413563723113624 1
-1.1626179188155206 -0.16790675927787024 1
0.5805963743284681 -0.7735290883249903 0
0.800819678299113 -0.3673939399095385 1
1.6615375996003756 0.455412246339999 0
0.9438239786969387 0.7239842906786775 1
-1.9476116123298026 -0.9315958324242146 0
-0.5523927540688258 0.9459156666701083 0
1.3067751575653124 -0.4527028952412804 1
0.04466440745886757 -0.647879140554037 0
-0.6697495631758308 -0.29469191355625335 1
0.08552493360992042 -0.3755439678819159 0
0.695668758281601 0.6120298074040034 1
0.21358464965762414 -0.60721323379803 0
0.10859821591979557 0.0718137579741931 0
-1.0884882638135447 0.06980149871625874 1
1.4995088512028696 0.6253180077897764 0
-1.2896183853995389 0.8389766859787295 0
-1.452305853255588 -0.11204453611960008 1
-1.7427563897517682 -0.9619635932231902 0
1.9148634542964054 -0.1377636913668383 1
0.6319529241786928 -0.4445511917892453 1
-1.2896861176615988 -0.14470982661538168 1
0.6835516923488902 -0.6865392463655389 0
-0.3959383093003197 0.3072643525256191 0
-1.241541112116861 -0.7683678113146064 0
0.5738447171426491 0.8564164585302487 1
0.37128540134867993 0.23653813372788646 0
1.407154443548292 0.19537962288038835 0
0.1400221536185966 -0.9418360755466155 0
1.4168815999385984 -0.9641301997368079 0
-1.5013577923753414 -0.9699621074007241 0
0.008508630167426201 -0.22810473979463097 1
-1.5402746362599307 0.2595161895556721 1
-0.06300434253848142 -0.37667768340371954 0
-1.4394095709038943 0.5219428224140508 1
-1.5876927438651753 0.030567150701882984 1
0.6190573729264863 -0.17045003934166125 0
-0.4006451443229584 -0.8384133156318423 0
1.4129813526012542 -0.9353637860903474 0
-0.3225958543888079 -0.7091543795665662 0
-0.33354628721234425 -0.939699431590802 0
-0.9908578388473712 0.3769807835386165 1
0.35816759380109486 -0.9588370587257693 0
-0.16989684840532782 -0.8820498256620983 0
-0.39439771140190105 0.770157960844583 1
1.6454909418636596 0.4577904759836888 0
1.213684580332751 -0.923751044519157 0
-0.44336952525001116 0.7422916180151198 1
0.8818136327535941 0.2218986560747258 0
-0.2817321571402198 -0.15236854370765318 0
-0.4631031143246349 -0.053464699453813935 0
0.579482375952781 0.2813909593526125 0
0.10327656345631775 0.585426075828767 1
0.4699600397436501 0.02322576281300437 0
-0.6471478554127637 -0.49710431214700046 1
-0.3689083462255476 0.4188547037927126 1
-0.8902936416992033 -0.8208752162926047 0
-0.040827355008008936 -0.32613164878457446 0
-1.218099850800289 -0.6988298378471951 1
-0.051574593652785605 0.8095210446501284 1
-0.02652653953105988 0.02992529442874514 1
1.1207833311706668 -0.5121736722953121 1
1.475010925067024 -0.45374327237779344 1
0.5560703623344914 -0.5763686211527188 0
-1.4215608816706968 0.7573348376577733 0
-1.9997575009243085 0.7646527186928451 0
1.9122663755102773 -0.6161056469965855 0
-1.216629389659722 -0.04854377363259754 1
0.7450197545028647 0.799533511416838 1
0.6534787134458617 0.6008845517840953 1
0.6428684042423947 -0.09112724243910053 0
-0.5423716483416645 -0.9079878692497394 0
1.3975553277256068 0.4344946184469112 0
0.23846016910354573 -0.30060637901065923 1
1.5016042508707548 0.6484901549315898 0
1.7366504025347256 -0.7381110784299871 0
-0.43948201225910166 0.7094901065959669 1
1.877299995113472 -0.5909648778530001 0
0.719956178089352 -0.2380107528813622 0
-0.2561170664837058 0.9543994415520005 0
1.938236320351821 -0.5058308687106403 0
0.2243529876038579 -0.961855303493983 0
0.8290801716618668 -0.3320461410813602 0
1.0853436505743224 0.7760945067802403 1
1.995449327959828 -0.13802748853748348 0
1.3506027227407316 0.9376665475747623 0
1.6229104086873862 -0.1428236865407193 1
0.6099737265978646 -0.7967079284119565 0
1.5985591397973389 -0.5819752463952619 1
1.726088565906577 -0.7644781595434185 0
-1.677479092883729 0.027299084027946785 1
0.5023329110022483 0.7632895496604706 1
1.6071771188711739 0.28688509149884767 0
0.18167604102412627 -0.3233638989855687 1
1.9854793384685214 0.1639804582715363 0
-1.8596609276594056 -0.58629948132636 0
1.984455190730213 0.7507426832654598 0
-1.1315201524554719 -0.7075008933949856 0
0.029474116931434757 -0.6276653829337457 0
-0.6878603266688552 -0.616635182253805 0
-1.423658986888503 -0.5458389096972136 1
0.2627257326139012 -0.056842994615265985 0
1.252302665744356 0.6336065082420899 0
1.7989366039804007 -0.1699759590985639 1
-1.8550692368539226 -0.657391809062756 0
1.8847811364382525 -0.7288925629882748 0
1.9323735614399244 0.33525449639413596 0
0.7071290426994987 0.7208186944630897 1
-0.8017649912444456 0.5904727179416922 0
0.9255750097893092 0.27661229344380445 0
-1.5499686995960311 -0.39734626852026 1
-0.27572567664060843 -0.6999761362446142 0
1.7729216964097874 0.002343034502918062 1
-1.039101698066378 -0.09648197692162475 1
-1.2848729704995874 0.0024999011739099686 1
1.9774211120760659 0.7417363992120956 0
1.0356050958201677 -0.7834491188903197 0
-0.42630961591053973 -0.9787493930101774 0
0.035710972808487895 -0.9073052050649704 0
-0.4492336335443201 0.8250189333920248 1
0.08212524635309748 -0.18534531959595757 1
-1.448081296904804 -0.5076745768879385 1
-1.6955175383362922 0.3439286445791576 1
1.2386882775756058 0.30355048932169226 0
0.7426748938968712 -0.23817308542715798 0
-0.5840416340514394 0.7419137250420871 1
-0.5782495730438475 0.9260617533034696 0
-0.7201891460368852 -0.5295110703871089 1
-1.8536154610746034 -0.3990927655937704 1
-1.3980097340340607 0.7938509228721546 0
-0.48101211948963485 -0.20828636992632488 1
-1.4010442133540884 0.03495517013795868 1
-1.548267797629462 0.3168192353704251 1
1.8164352855175125 0.30545614852031133 0
0.4839600602917269 0.8026300058936715 1
1.5557237860904545 -0.4901812419791365 1
-0.15428872709569097 0.5904307291447302 1
-0.6838759658606479 0.05972439225132131 0
0.3751476167440577 0.20574673768234297 0
0.9268688372744318 0.1622586232068739 0
-1.2051972352775953 0.05455799777443171 1
0.06005175946586583 -0.9348924007972095 0
1.1181539433156464 -0.33245821969042777 1
-0.9039969469145062 -0.8161865127223802 0
-0.06736761189319695 -0.6524900797154052 0
-0.827948579984719 -0.3750593770318247 1
-1.6919659742449307 0.18481114984971914 1
-0.22983009807808008 -0.4494015034721155 0
-1.5956126608145724 0.7735113447443218 0
1.7282228810181306 0.961573890679631 0
-0.3993170281945435 0.7014051991727073 1
-0.898121439216236 -0.824344750700041 0
-0.6278515402063074 0.7855344062995111 0
-0.7024897535564829 -0.11840025108558971 1
-0.8275546502400015 0.1356579263214599 0
1.801450801796575 -0.11036074613406832 1
0.41982678011070673 0.0253911052908673 0
-0.07334009491587778 0.3128871923744265 1
-1.2973928596441509 -0.7772808702740917 0
1.7760895544923585 0.5225216187150579 1
-1.9389309184010441 -0.29254928136592273 0
-1.811878184689434 -0.5448992677135924 0
1.6533627554219419 0.5818721394996711 0
-1.6060884126550055 0.6693617960122815 0
-0.5636925309040905 0.5029230452381885 1
-0.9946267815186292 0.9207348363046026 0
0.09648112008618659 0.6984528433661286 1
-1.6980027717176198 -0.19427468644725554 1
0.5776713911311404 -0.8733231682108658 0
0.8309695266741182 -0.5290955559698634 1
0.25856086581414006 0.7989588637108513 1
-0.4030634846201284 0.40378658862790084 1
-1.71498519419776 -0.8681101815600194 0
1.3002600104501374 0.9330047264094397 0
-0.18254244174950385 0.580676394378608 1
-1.7242386531531082 -0.006606098064422028 1
0.5767335899709569 -0.7719198578679156 0
0.7313088518259065 -0.7076170330630989 0
-1.9274478284560228 0.09128052495647099 1
0.9116248100659701 0.07147398553410711 0
1.0734639780135593 0.13287423242645757 0
-1.0533021973493764 -0.4646011724753085 1
-1.7024651757916307 -0.406827372105411 1
0.07583680879054633 -0.4845601324460793 0
-1.1971913751382979 0.273308554638944 1
0.774466525998672 -0.0326627841524767 0
1.9461308738168408 0.3888509069700625 0
1.6902358073501862 -0.7125625879765458 0
0.7442289060461857 -0.9536801009657534 0
0.6411890516570424 -0.8079878388746415 0
0.2680617900841282 0.8702104137774898 1
0.6263558418541817 0.5517987989334494 1
-0.5366238331574507 -0.15839228908887848 1
-0.20948648795069236 -0.38271508860900827 0
0.18145038030151195 -0.6796984049408079 0
-1.2994414389847444 -0.3385909967463392 1
-1.1768331585848664 0.44357050338808546 1
-1.59535818245707 0.07221967504586257 1
1.5721138124495133 0.7332787459280268 1
1.0189376308570268 0.4222074674665177 0
-1.970752050758302 0.7285074198655133 0
-0.5077984093098431 -0.0011152962340679196 0
0.8788369493800645 0.20665585991596847 0
-0.7869712635034722 -0.771016209644503 0
-1.5518106253459596 0.48521143674384226 1
0.5031713921947873 0.5589216862251067 1
-1.5802887414509659 -0.9955530568753785 0
-0.9696793778734798 0.2874012854968684 1
-0.7064815198483934 0.18928763806393323 0
1.0490527817653765 -0.8748560281946578 0
1.61419340044037 -0.35458293886248615 1
0.23518552417184058 -0.6507789508622339 0
-1.942686921343617 0.3574876592574201 0
-0.6218141678559106 -0.40085609738317496 1
0.5227138544234142 -0.2004131389424335 0
-0.4600229089659331 -0.8350520636183338 0
-0.19333497100703045 -0.7641024937692624 0
0.14618678285404663 0.11366729162529898 0
1.8006009845251754 -0.7530443069997819 0
-1.4393291546665914 -0.43392464665478236 1
-1.3744242756293428 -0.6733132319310604 1
1.2032201942286247 0.2658765601821287 0
-0.10773313539454543 -0.7357746832546483 0
1.470909973057092 0.5677969149993771 0
0.9945613179208794 0.7753093855309232 1
1.9787747567649974 -0.6578295794715918 0
-0.24374421045828987 -0.4572733209603399 0
0.7712362793011622 -0.32532170862707055 0
-0.24789727880979529 -0.4799077267572873 0
-0.6855040880030043 -0.5727634622941058 0
0.11384278674681836 -0.15017718125388968 1
-1.869095588967344 -0.6102632439605584 0
1.921065002880118 0.12054841452406362 1
0.7300060442775833 -0.10920569383976364 0
-1.2005411222889464 0.5000389260346247 1
0.036401603913764013 0.2259655431726162 1
-1.925694621948285 0.5477425150453634 0
0.7716203960130539 -0.9198418105197599 0
-0.551859791786113 0.9891038359653597 0
-0.4409697722886108 0.2070665034224668 0
0.4734760592071483 0.06571301073010405 0
-1.0958732785233805 -0.38287116024459555 1
-1.7194907523439174 -0.2394346659167863 1
-1.623869350630224 0.0773094923562685 1
-0.3180677536745926 -0.5614843868447796 0
0.48909046017060387 0.12868343195182197 0
-0.4764856753213058 -0.5206849728222505 0
-1.3930202668839167 0.36842229657161063 1
1.822452657520182 -0.8492091903296359 0
0.2970474244597958 0.8703332701654272 1
-0.28406758822887523 0.20076397492352682 0
1.2894033385649242 -0.3389129517231193 1
1.6590652871642733 -0.09128845771911442 1
1.2605534584694418 0.21443151333252564 0
-0.946990877992484 0.562308007043975 1
0.9738574499890467 0.11651820214281305 0
1.1480526597819662 -0.13218850860241327 0
-1.345859728175543 0.5534046420556222 1
1.9337930202003668 0.0026078255080352886 1
0.9726503161507352 -0.6950965728146885 0
-1.0023940016236113 -0.4209258581507169 1
0.8369314980394615 0.06381861878589423 0
-1.1180536119102462 0.20185866935743757 1
1.0853812848853153 0.6531578048303848 0
-0.4385311529644036 0.19629889073804208 0
-1.1883278677075664 -0.3348159068043133 1
-0.09801285528189307 0.6860514845068342 1
0.6605631004629617 0.8610787427105149 1
0.9733834885877077 -0.08429186082535711 0
1.678462542165263 -0.6795636682105062 0
-0.4946582431913127 -0.45259393763150446 0
-1.1431856288245377 -0.23020557436360845 1
-0.4109023739867057 -0.14448329332457743 0
1.4919592212219501 -0.18288556564624558 1
-0.004294780634917839 0.3226868878694227 1
-1.061852983244039 -0.4581463380255364 1
-0.4667981658989584 0.2568815406555922 0
0.7377768961721358 0.8697159806205146 1
-1.3354619301004793 0.8585905513027272 0
-0.7970305584970712 0.34923001332477255 0
1.212714894060979 -0.24994372309077173 0
-0.7015449621798351 -0.781095600175455 0
-0.10682826817232183 0.8225078670110944 1
0.9590219488481542 0.8335570402431434 1
-0.6568425505205111 -0.6450389774570893 0
