0.20367906308549952 -0.28844456126793677 0
0.1691968710251159 1.1559419792131291 0
0.19878882678643725 -0.5674317658317047 0
1.2842904786018057 0.1346975196293369 0
0.6158627979637632 -0.5889167232511285 0
0.15414947345131877 -1.942704405749124 0
0.009411286497424655 0.6873918446383643 0
0.411012798897738 -0.40882841823162347 0
0.21413964296143265 -0.23223597775819343 0
0.29473146915709564 -2.002116102390863 0
0.6771506700944309 -1.6815874639135484 0
1.5751637786445993 -1.1524510984024527 0
0.4240661947468323 0.11486029805172511 0
0.6888736264032246 -0.1371509996182711 0
1.664202083487113 -0.7775582304486051 0
0.44147051479041227 -1.0764751014624736 0
0.3333304310579007 0.18536209646275897 0
0.7501024918091223 -0.0009241668042113165 0
0.3621834407752571 -0.2860494030151009 0
1.2363112864921146 -1.8146578993286466 0
1.4258141446902564 -0.5356251308206005 0
0.39744815854624665 1.0037061019899391 0
1.7369726825543594 -1.0962833184567689 0
0.735758939688372 -0.8448524810639753 0
1.188365966376604 0.9432173714018554 0
0.13488066341019794 0.3109079086220284 0
0.49172493731687533 -1.1952154771623729 0
0.5854731340443025 -0.5998180244129777 0
0.7630809151729202 0.5724501034839313 0
0.19189707392432512 -0.17675741589408026 0
0.23940865556562516 0.6213467324543538 0
0.15199553242942254 -1.1103902422896028 0
1.3896259249633265 1.6416538607406461 0
0.31194230126787315 1.5902892651184106 0
0.20537320161366324 1.725817191497843 0
0.1615392674186885 -0.1345142460036198 0
1.7296794993054736 1.156076171557194 0
1.1990657587488063 -0.2346347287349178 0
1.3527726095876262 0.28462574713592154 0
1.6651714700353637 0.4749202450311837 0
1.487824632298334 -0.47557826932219716 0
0.7818508262469934 -1.6948660504495776 0
0.7535903263200563 -0.9015826775064307 0
0.12349057299190894 0.7647472119924452 0
0.35998905846251866 -0.04311058474290422 0
0.9607141717778115 0.3150745713925337 0
0.07797382350308443 -0.9690495120723647 0
1.4922970896289782 0.24862315517582403 0
0.3538616042370698 -0.6206336690372575 0
0.9891354176447918 -1.0346604300539874 0
0.24493099016930941 -0.15627385633272262 0
0.082983976693934 0.26069600271016424 0
0.7703742760582659 1.6952001258638394 0
0.1869116032579045 0.22389665100345518 0
1.7557843401951985 1.2816344025033635 0
0.829621643905457 -0.5864557461224351 0
1.3031462108583889 -0.5045675408273975 0
0.20375623190615505 1.5787926492969564 0
0.7294887572782854 0.1922770656958427 0
0.7540423613383773 0.805237184965654 0
0.22526886192429216 1.7211871655626567 0
1.0445406245333415 1.7116173758213429 0
1.50784845075707 -0.8592158600554871 0
1.0257359068911134 -0.037876167905349284 0
0.2550108250469003 0.6817947632025037 0
0.0774609917957527 -1.79112896958025 0
1.2381344356904156 0.022064756196005328 0
0.6690858616947767 -0.32185709202844315 0
0.865551367163057 -0.6479088283524336 0
0.6183507082706075 0.799242553365187 0
0.5845860557759619 -0.04673567389094997 0
1.244536574594927 1.2290375370345856 0
0.3094825412940508 0.10556362815580773 0
0.13780576088144678 2.016588047552243 0
0.7828992252548691 0.01760635210174151 0
0.16331972054018593 0.4347710984376253 0
1.3121884300665645 1.2309976314822086 0
0.5108731143568044 0.3582160259055719 0
0.03433814244077976 0.3471513418154 0
0.5308463442209355 -1.2277779811362128 0
0.2135359214450481 0.38858741756342585 0
0.28874309099254436 -0.4240859879403799 0
1.2830230376186402 0.9425921084519193 0
0.9687690119207656 -0.31915181180293556 0
0.6656173139447261 0.08459962855916461 0
0.029016879880567642 0.3061297058197537 0
0.15334769398860182 0.166535790120746 0
0.36875363779994635 1.94269620665651 0
0.7768416339246877 0.07500211502578866 0
0.37560225587716844 0.9077940690229198 0
0.9942406834969971 0.2144481206698678 0
0.5397602540940825 -1.1133524208072922 0
0.17054116815387704 0.8320911892575027 0
0.1365672541512062 -1.6548625045938574 0
0.8866836550869932 -0.5290154499077089 0
0.9060276230195914 -1.3527877595920867 0
0.43119222008428154 -0.07592404494425904 0
0.11904077555206358 0.1955721431865457 0
0.2977424596600602 -0.6549868991426058 0
0.5783061632800856 0.2910885298875484 0
-0.6938083379635642 -0.5435075118289477 1
-1.3299093716674273 0.4321594715670735 1
-0.471807085265481 -0.0780017574325346 1
-0.9629926020820357 -0.8095359226569409 1
-1.0420832402839713 -0.04602729408493208 1
-0.10363238562276142 0.48448991134286934 1
-1.0667174277203968 1.0391328290071626 1
-1.6531646361769081 -0.3171323129547266 1
-0.4261208888449166 -1.0693353977333866 1
-0.3558822952357476 -0.7534887337699345 1
-0.909166268329912 1.5144779156490678 1
-1.635557369321007 0.9914239909098002 1
-1.7507404875342785 1.1036963800935429 1
-2.038470281698584 -0.19469400176785642 1
-1.10460254445524 1.7004312204971044 1
-0.4980023089387443 0.8429100585173135 1
-0.17449174254946737 -0.7094809392548427 1
-1.507928867802101 -0.493444803064167 1
-0.2833603404159225 -0.16014939827446958 1
-1.0675653450686204 0.4647214812539203 1
-1.380247395664098 0.107560687934734 1
-1.4287057272483665 1.0645450500386004 1
-0.5106661379885165 1.6194796764934478 1
-0.22622203917825642 0.02364737041723552 1
-0.24655263800653257 -0.05469311988165766 1
-0.06753258029289594 0.2161773859933148 1
-0.3257790804277901 -0.9016577968293145 1
-1.74765554459471 0.8338993327632707 1
-0.29177177968030715 -0.7116532620240147 1
-0.010085226032903778 -0.2008340958350703 1
-0.6134720812530274 -0.04784921032192484 1
-1.278862099897335 0.7715975166576301 1
-1.0379916771313147 -0.05925604317925372 1
-0.8602236787069854 -1.0796094560419007 1
-0.42666292456752813 -0.5703001777179173 1
-0.8117142723833312 0.7372189648805811 1
-0.477876260335726 -0.383752219122743 1
-0.8293960953166205 0.14634088466761375 1
-1.7347808494482344 0.15827226487723722 1
-0.6092316097708483 0.2066705971397064 1
-0.8517129831515816 -0.8321975318238982 1
-1.010824330390109 0.7578533697658459 1
-1.600980183892368 1.1287665176999955 1
-0.7351996005497995 -1.2154985943066632 1
-1.1437289272484525 -0.4319737126780456 1
-0.5219471170580449 -0.4131015766746155 1
-1.0768414874761816 0.579412791882245 1
-0.12732264974571564 -0.2858105801761037 1
-0.4477108099620954 0.19416132473271897 1
-0.7355190047143036 -1.5254191916096358 1
-0.4449481449491339 1.860167565683022 1
-1.84419311519095 0.7989261926294543 1
-1.0598014550161083 0.7706165420140815 1
-0.8584873852331294 -1.9390083031494547 1
-0.4470830963011004 -0.17944029495542732 1
-0.8390983136457401 0.6857333789871506 1
-0.3266009571104145 -1.7814640461854536 1
-0.3724906428684347 -1.2606848643952184 1
-0.42377850198677997 1.7934138849134165 1
-0.30913869084671236 -1.0468209761964284 1
-0.053039466752278275 0.31422156093231235 1
-0.3915197117053999 0.618813029116748 1
-1.253787690233963 -0.4669097728448519 1
-0.07597717827044283 -0.3089581319382813 1
-0.07295059968740843 1.874621789703392 1
-1.1942586760778395 -0.0022095709451003475 1
-1.0458343830123855 0.005325061859410326 1
-0.15152185430030055 -0.1472215861151562 1
-0.14180480713375715 0.2546458682830007 1
-0.9347277179357854 0.5492645092940707 1
-0.40310031612023145 -0.8709095824093946 1
-0.6356014622947801 -1.961749257762714 1
-1.3981883816430467 0.05186432643567734 1
-0.32377490742822734 1.8405647611891234 1
-0.6976552131139633 0.13920221235181793 1
-0.17560321744663615 -1.5032352740387047 1
-2.063100647183811 -0.11395672833992292 1
-0.08802220927274326 0.7103992934622488 1
-0.4923946946042893 -0.13145467960661059 1
-0.7072936188645467 0.9474497164013836 1
-0.8800717116840095 -1.5250441392646472 1
-0.36096355175642736 0.1784785287128654 1
-0.7064292722636446 1.4681785431173673 1
-0.08700308606639746 0.93403046157363 1
-1.3267435947635915 0.4119799768070117 1
-1.625052933217908 1.0542615281616494 1
-1.147834899545684 -1.632375025963735 1
-0.26260557030818543 -0.14319468951236772 1
-1.680956191228824 0.6238103611313217 1
-0.2490969715386697 -0.02863167950890145 1
-0.28905769941954684 -1.1387303970868954 1
-0.976353104288918 -0.06580894680984849 1
-0.49656687731674143 0.330248519778643 1
-1.0963802750070728 -0.8183040223295382 1
-0.6803544693930278 -0.25918427913242637 1
-0.4603339001228092 -0.02096554127303726 1
-1.5824697293719312 -0.6981274620783967 1
-0.22011050140005006 -1.4673345292271818 1
-0.05112689412442022 -0.2076321950937053 1
-0.6602342883645711 -0.9960992573276051 1
1.9222516849698201 2.22950888953309 2
-4.15420266911288 -1.0502494383313423 2
-3.7161953913126355 -2.109731348625693 2
0.03988222845086114 3.4220077262175215 2
-1.1489359158303116 -4.258503162836773 2
-2.5869880083375043 2.2534808866138114 2
-1.9049890442992796 -2.3708380622253316 2
3.5829066902227793 0.2554708703522598 2
-2.0165428971252823 -3.0466189906467194 2
-3.2322319622392524 0.5576321250195113 2
-1.4989633714232793 2.5249310342151845 2
-3.940251805921613 -0.12003332321630854 2
-1.2056657152409684 4.0389970473353145 2
3.892289528366957 0.1999823052980582 2
-3.546815794280459 -1.514445544041853 2
3.1859644706970225 -1.126113867391944 2
3.4846368520141233 -1.2675475678927792 2
0.5410255298899792 3.6373657953772485 2
0.35450672815761614 4.293005673584145 2
2.556773394611285 3.790982127830627 2
4.31042406530192 -1.271350337309611 2
-2.9313942158393247 0.19090802151736308 2
2.520691421567545 3.310017181754803 2
-2.569126156409725 -3.154236690848415 2
2.299616142406604 2.820907778708214 2
-1.5275636710262244 3.936666004006413 2
-0.11707282150749615 -2.689005321408416 2
2.35580630825901 1.9019905791861724 2
-0.1656874676336535 2.6461160326585182 2
0.12382519609949454 2.8806039705317046 2
2.56812583098855 3.3750622577450984 2
-2.9218589782002167 -0.5950790139708967 2
-1.4813549287751517 -3.0053309271022104 2
-2.7259803075127875 -1.98235729105835 2
3.8588818905002777 -2.261751593748636 2
-2.1550567697167633 -2.062934150563137 2
2.303021031176466 2.7736406242449356 2
-3.4324451792738433 1.7412601376450727 2
-3.1975055554452267 2.1510131644177726 2
2.8272068386629 2.7603503138257324 2
3.0571487160835553 -3.274640668257172 2
-3.787886958502845 2.5799415729856534 2
4.101907583610734 1.5617160399185792 2
2.025043547704276 3.622818490827217 2
1.9541444165196127 -2.0846159969722455 2
2.6409153362058886 3.7125400220370652 2
1.5301099218778298 3.16433745739652 2
2.4632585388367128 3.8208680044923766 2
2.8762803313415897 -0.6041485138570187 2
3.3112818531863275 -1.4241394111970724 2
-1.5968535305953055 4.264446594920062 2
-0.6678207160433695 3.7170859564266236 2
-2.5578026941117935 -3.5979269348865857 2
-3.373412513136372 1.4440737287806258 2
1.8093244476575656 3.476354783946357 2
-3.449599680275521 -0.20915014497621645 2
-3.7040762311814532 -0.04572327348142657 2
-1.6018496877632522 -3.0035551256544974 2
-1.6570703266270521 2.3688765615776015 2
-2.30372780006974 3.901770660210323 2
-3.1689041114252636 -2.2484211166544057 2
-0.3210022739324629 3.474306816749287 2
-2.7839989218415813 -0.2820623242917626 2
-1.9569786158659173 -3.837028810024516 2
-0.5923395052162529 -2.601307715741776 2
0.15262732695517547 4.172875161708061 2
1.9750847998802732 2.3410363830566325 2
2.2267155885515195 -2.140179300133256 2
2.868588485405452 1.1157736914705532 2
-2.1754222044230476 1.5119927238588797 2
-2.9623617747428375 -3.093604623365978 2
-2.8178822733056466 -2.2886240778319684 2
2.037384451364122 -3.246932828130265 2
-1.447271965182791 -3.312453556036918 2
-3.9643797789039086 -1.2903921402839815 2
3.606306201858689 2.5736196357018595 2
2.930148230794599 0.3589661713501703 2
-1.9253630707293727 3.8670007722441735 2
-0.6592532131706651 -4.201947094682989 2
-3.8832495202345507 -2.433557169029527 2
-0.7546773941597531 -2.549694009931309 2
0.6461904943794816 2.5383412742456506 2
3.5903927816331325 -0.0818752399112308 2
-2.822484763429773 3.6214388459001325 2
0.16924141374383966 2.6844634405650734 2
0.9296226181430771 2.737319882896764 2
0.4181741645758589 -3.9723519281576674 2
3.3928309997524644 -0.33150147455875334 2
-3.8921926572741032 -1.9069692722416036 2
-1.9080611956387974 1.8268250397771053 2
2.3739354013134273 -2.7424117420615124 2
-3.9647479318627545 -1.8912974914521294 2
-3.6941848427957074 -0.4208872832341636 2
2.8919257458093037 -2.7613108172240692 2
-1.3661292675012455 3.7544082971694426 2
-2.625475207700745 2.3799137556112218 2
-2.4761225504120863 2.75540920036936 2
-0.5497221155371587 3.5963810992731307 2
-0.4832430384040666 3.433566043976113 2
2.492702069432708 1.0445898933280628 2
5.190495274885255 -3.925049170655219 3
1.4197251196465628 -6.384749058554334 3
-2.86129986493352 6.283526841387544 3
-1.5714533961928883 6.80955364411794 3
-2.4405140643844456 4.7933417427926965 3
6.024241108747754 -3.3213248392967345 3
-6.178303804315405 0.49850052948509993 3
-5.617768442532691 0.2929326153586201 3
-5.223588616475491 3.3886518614552017 3
-5.470598920384549 3.64157788824319 3
6.332801272001104 -1.6460046172737604 3
2.401853771343789 -5.812748144701901 3
6.545111552381974 -0.12693784589386217 3
3.8882500165097715 -4.532891705776687 3
-2.731099170603878 5.269160411130259 3
-1.1803756868335147 4.863967530950353 3
5.206854839324049 -3.1297321763584804 3
1.7814514132881547 -5.652139500804133 3
-0.7355226616378883 5.3490594104957525 3
4.471348670339139 -3.915553217559724 3
2.331022551334071 -4.983095470662104 3
-4.938793210064623 2.3381060743253306 3
0.4532092874369112 -6.9310189423785395 3
3.99229339065796 -3.676544990967226 3
-3.642763454213354 3.6622806268785357 3
3.719865324438332 -3.695478797618928 3
5.491623266257621 -1.8800375671525489 3
-3.6404917627953974 4.630423681916515 3
1.7292887127642844 -5.497277927268128 3
3.287824852464454 -4.054241198747363 3
-0.6006136838458924 6.969049869566386 3
2.381683663286897 -5.128250121265129 3
-4.385040689020464 3.000262095492418 3
-2.0266658134703914 6.010268015565255 3
6.233728840155144 -1.3567921878297662 3
5.7664640413338875 -2.5657336836525113 3
-3.956136205825208 3.9495226705462714 3
5.454541258489568 -4.305647772533108 3
-1.2375209252811352 4.9427665071284155 3
2.1765726583653118 -5.706710304304459 3
-2.9277645582123366 6.286851806804459 3
6.505107726919409 -0.8818979109842325 3
4.187081067511949 -3.62032667531351 3
-3.4666399562566546 5.230058810626541 3
2.7458478081142665 -5.6437177112628065 3
-2.428840935618969 4.741360638484902 3
4.744411447957846 -4.331695327636326 3
-5.650612324603147 3.896114703900263 3
-1.692592134028862 6.770976331971109 3
1.520776658098646 -5.9897902706956705 3
-1.5783771867639047 6.8177684504918155 3
6.174432367163116 -3.2763487110780787 3
3.719499210697734 -4.224345013717785 3
-6.0988244807109 1.5003889597484938 3
-1.4703027986712505 5.891339365134574 3
-5.645956653129423 3.603063871137764 3
-6.778790766029953 0.6713330125906376 3
4.687277962032635 -3.7082055499275355 3
-2.5738384917952644 4.720808404195276 3
-6.670956363464915 1.7932485076801905 3
-5.6893860985031735 1.7576969992156104 3
-0.49356389217686425 5.767187857452247 3
-0.35166971932544305 5.275664209398669 3
-2.554251176971753 6.255827833192295 3
-3.785894545556492 4.6343745372897125 3
-0.966164922437878 6.136961375184436 3
2.729035131303046 -5.617965830651118 3
-1.026248501952693 6.10468761055894 3
-4.429607594079489 2.3680835873568262 3
-5.378913788771252 0.5633301098634461 3
-4.9440215603943 3.420239604362447 3
1.0654237235957997 -6.231966486987827 3
1.8141007596036907 -4.947870428933186 3
-5.89889690976396 1.2007045512643086 3
-0.8095851734976223 5.892034974733221 3
-3.7614452878226747 4.4153477144704425 3
6.588028175879589 -0.08165342537444548 3
4.025072367121054 -5.488925428438495 3
5.847403769850169 -2.3551621708844683 3
6.200798870763884 -3.190121342132014 3
4.746364316267287 -4.434344472693045 3
-4.328339059381928 3.6264725485621696 3
4.234216812427798 -3.724803156094165 3
-4.834360878001579 1.6324448846742108 3
3.1909060561900002 -5.486070315911448 3
-2.0194059020198436 5.1322723135739565 3
2.7149321525975774 -6.387369700906423 3
-3.937198681721557 4.788417909955226 3
-3.234473321117362 5.051424741789113 3
-5.4423307313204745 3.7215309541119646 3
-4.695189854216841 1.9127041036193893 3
2.1981864230899166 -5.094046351493507 3
-6.142838865482628 1.3975768665881434 3
2.995939023782693 -5.657845364092621 3
0.6899368570148464 -6.8649251907043425 3
5.862011442127841 -1.3130644708227923 3
-6.43723951559804 1.8298669884373253 3
5.79783352171565 -1.7530111236228405 3
5.431020362111538 -1.16800338455007 3
2.8468510203915502 -4.668926138758552 3
-2.4799006257870775 -4.960460284349568 4
-6.057950688313215 -0.5838720837489614 4
-5.177655880061784 -2.946983408165214 4
6.3289672185343555 1.9897539024385165 4
-4.429841636603111 -5.34667275163987 4
6.436920501719186 0.8542888631196079 4
-3.3272470794540467 -6.1576376227071625 4
-5.541341744444345 -2.781165616892958 4
1.4219929246837761 5.062345329079341 4
3.185503850410352 4.682823932581133 4
-5.514865738955946 -1.6224551610614975 4
-6.659112735335492 -1.4026018244419443 4
-1.069242728244147 -6.58226413505046 4
3.7043037649569572 3.8536629628941124 4
5.6815580580334615 3.009889457079453 4
-4.8385688288051965 -1.393100419272158 4
1.9847478548556272 6.458587723486041 4
2.1976383047460217 5.957575790642322 4
4.212588704648698 3.789201339650009 4
0.1929948421228473 6.8483568292306485 4
3.4818495906282414 4.56764330899912 4
4.90182140282977 1.8927326932271686 4
-1.064016116046409 -6.875680990014838 4
-4.201598811650924 -4.1541162059249395 4
-5.0107735012950725 -3.365201253155576 4
1.9899367227580405 6.4674601624527135 4
0.5994412116546869 6.756390645189715 4
0.4186234445181867 5.775212943639467 4
3.2493318150235253 4.3598938717845535 4
4.360956838997552 3.7430452333386746 4
5.18417985660806 2.6134747569618635 4
-6.873029778357446 -0.2583767322620633 4
-1.3701545272847633 -6.706822512822387 4
-2.955187216452911 -4.418062063610278 4
6.1963114104567705 0.4670344558153203 4
-5.1857376402518245 -3.979980152873452 4
-3.7550567648870468 -4.8768226451185335 4
0.2542136572019688 5.7542393085263255 4
-3.593008195350761 -4.459159361554647 4
1.398630105341713 5.838393518949273 4
-5.594080400766819 -2.7234626927033196 4
-6.785274729296997 -1.6686769042151646 4
4.5964161640212104 2.4989084137048594 4
-5.564473795276442 -1.5169026750140229 4
4.983120479491334 1.7036187423568667 4
4.298553180770946 3.2160753840499168 4
5.646963260450233 0.9114535700858009 4
-5.628260410475181 -1.916130663740401 4
-1.2793468618239987 -6.045361935058488 4
-5.643609927594516 -1.7212712214289398 4
-6.8181984845290575 -0.7820169585497219 4
6.40579896188273 1.6597135204808093 4
4.710717552966534 2.0464879669177614 4
-5.8615893726314665 -3.6589213021746043 4
-6.173995617439235 -2.803926067876892 4
-1.0282967474685722 -5.436321129875004 4
-0.6732999967662688 -5.847248467316841 4
-0.44485079274309386 -5.820797203080316 4
3.3924462960652506 3.760166940139937 4
-2.4851662483843753 -4.626169404551883 4
2.840412175518512 6.246634282796323 4
-1.567001647377657 -6.3938947169711575 4
5.287479380727321 0.674216157297768 4
-3.9298072361067247 -4.056035631424295 4
4.338330780235179 5.283607488833239 4
3.875242374100641 3.8728553038755558 4
1.6637334331813218 5.516602050020662 4
6.580387241499779 0.430130431521572 4
4.00956438547028 4.205065004913485 4
-1.5867402168499154 -4.750784317389537 4
4.03653386274304 5.011454947285861 4
-6.928730146880989 -0.8512959437654537 4
-4.019858037348936 -4.218815529810007 4
5.8686084140938055 0.5338020180955354 4
0.4814933244396749 5.228877261490298 4
6.614889442847926 1.6015850595694963 4
-4.4377427768242885 -2.8607241118431346 4
-5.271768884363678 -3.3666174947444403 4
-3.5810312078096254 -3.8507370010698065 4
5.209567269539398 3.050045149960998 4
-3.5744783515634295 -5.268447098863453 4
-4.540402783624531 -4.338996496451565 4
-5.13067468296918 -3.551155438372397 4
0.0856795553611553 5.886081043156275 4
-0.9230112859890459 -5.393362443291746 4
-6.238659682602157 -1.805340335005537 4
-2.696052001930287 -5.704998694326838 4
-0.10982007947051349 -6.667309306093741 4
-5.509811276980067 -0.15427665107140195 4
3.040306546873322 4.688647278957832 4
-6.324027301188435 -0.105572089484363 4
-5.605716636355141 -1.9538683454456738 4
-6.027123647306685 -0.7534379514478976 4
-1.024034253508102 -5.43673640439395 4
-3.515295102410946 -5.631880094579895 4
4.655676580576745 1.8449475903110137 4
3.5141611274429057 5.74426047412657 4
5.113507285253139 4.722085727988896 4
-4.731406161580551 -3.3098534812913876 4
5.7651943866191715 0.9023378708527889 4
