-3.0145331074302577 -4.2708223592904035 0
-3.473934475778403 -5.596452121604107 0
-1.6814304611272854 -4.16163819227031 0
-2.723462365851992 -4.917346561919238 0
-4.418603968929789 -5.409710512849353 0
-3.9897913075686926 -4.07448326706141 0
-4.396451969529778 -4.996739021802641 0
-5.059744823712975 -3.3137381585203163 0
-4.823646741088092 -3.0392457834435715 0
-3.224174400274384 -3.0449433418215266 0
-3.410143274234141 -3.649213798627396 0
-3.3318233417708076 -2.166013524697377 0
-5.270290662012522 -2.0176727882775394 0
-4.9647021917988745 -4.689928131306057 0
-3.293733237871873 -4.803513497068989 0
-3.1560478409067207 -4.435625260145981 0
-5.013792446974164 -2.993300155323962 0
-4.284947842326239 -3.4278409539860104 0
-3.4110511193448225 -6.073181760796535 0
-5.34388272057863 -4.0903032137613575 0
-2.9421059852897082 -3.077442368472872 0
-4.266857093618729 -4.90502770853356 0
-5.388927970969503 -3.3634017709932955 0
-4.193226134418932 -5.134891636225323 0
-2.911772486924238 -4.4660957701442925 0
-4.025505136635329 -4.026773380487735 0
-4.0454702786603285 -4.519617528435051 0
-2.8933951648442875 -1.4102306623226166 0
-4.359939691522321 -3.558467657115572 0
-3.637682777552496 -5.196412848708905 0
-4.410681557481163 -4.430607736711458 0
-3.978190565171575 -3.204275598618173 0
-2.2962921645740835 -4.033722599279044 0
-4.132006713121137 -3.133149164592531 0
-2.8362917179677183 -3.5650269579531386 0
-3.8909976481666733 -3.32991818059092 0
-2.644169051543091 -3.660690987043435 0
-2.521612798695405 -3.38106789530559 0
-4.740795427812898 -4.319458971304403 0
-5.340293068888792 -4.935113731448624 0
3.102503582699265 3.8826410264929865 1
4.263508676450132 3.3289149120488437 1
3.899636452040193 3.510894663487047 1
4.98678794096775 5.390569236677582 1
4.03577681073204 3.763029429232271 1
1.8868156171863109 5.440904688439662 1
4.353393675316991 4.11657925901522 1
3.71320102045742 3.416951679088791 1
5.473103836672579 4.262243224872169 1
4.07101151677062 3.8751646565069535 1
2.970503799796492 3.275828430894979 1
4.986013906576385 3.5420804310978657 1
1.7041655242265015 2.6475606946827375 1
3.502848585660099 3.697237946774992 1
3.432002130371409 5.6026196831102535 1
3.7139451588853976 3.649808912803089 1
3.5707562829136044 4.098301845453367 1
2.972667918630318 4.918763992902561 1
5.357927058508494 5.338803793486665 1
3.524085590711564 4.378503660324498 1
5.068559157230302 4.130664507697961 1
6.268989474460509 4.995456665451328 1
2.699675515507945 2.267079139769314 1
4.726907645872926 4.265955718435847 1
3.673873290830247 3.3216900394417954 1
3.6524847814885124 3.992178695975439 1
2.511280571863074 2.426646164238149 1
4.7868088972254075 4.159050519309986 1
3.597279338426355 3.5065898391642905 1
4.887289835328256 2.8500372872571287 1
4.482731324340059 2.1799982817278747 1
4.88538160357241 3.4275664176368723 1
4.037852472069712 3.7761996642079496 1
2.998442925875136 5.212430850905468 1
5.444135215175994 3.4806897092265743 1
4.541190941651737 2.929552623539716 1
1.6149514130963167 3.4284044686629604 1
4.124190753179037 4.8370394002681785 1
4.756228021643825 3.547276056104797 1
4.326442486620452 3.661484649681858 1
-2.891859699724546 2.087970705059334 2
-4.2762261205770375 4.668026922196594 2
-5.863338953955857 2.227855410968818 2
-7.245536226093207 4.161508573610974 2
-3.001074821880225 3.5977505077023015 2
-3.961123163011051 6.147666300446831 2
-3.412171235380356 3.6622117327892196 2
-5.551489234846471 5.198781642117775 2
-4.813431220298287 3.0287348323910988 2
-5.004119681429094 3.4878467766104646 2
-3.7544219231742684 2.4252318983574748 2
-4.918477252554209 4.596826306061219 2
-5.407694075513037 4.355149826104385 2
-2.7023127346472195 4.4946176529653314 2
-3.4357443798122285 4.127358489845406 2
-2.8481222327334885 3.9946887523395054 2
-3.3856403140325364 3.466593991378923 2
-5.440678435979501 4.7294762415772755 2
-4.3752617398179 4.501834269789488 2
-2.8431509220832085 4.08765475325498 2
-4.7840159034214045 4.48242148371421 2
-3.7867928767837853 3.9494336854374827 2
-5.108439362485056 4.079265340723491 2
-4.936186186166808 2.6823831455731244 2
-4.645886909438666 4.638839778074996 2
-4.127715561389987 6.158672577189548 2
-6.014193356456925 4.813659298521828 2
-4.300841115398791 4.829919354968103 2
-3.4763726068714496 4.349419722451653 2
-4.872328378060929 3.0193450148958076 2
-4.25029748721669 5.036194222386328 2
-3.8642923818347894 4.4356042816678745 2
-4.84595984636063 4.12251080091711 2
-4.739630657833269 4.652222525180139 2
-2.549456856270537 4.626558524204358 2
-4.839069061274925 2.1664828428897 2
-1.665188706883241 5.178238548806772 2
-4.4246977696086125 4.013514651282411 2
-4.073458287578226 6.0459352255016015 2
-3.0300891426176872 5.100855633263833 2
3.7163293128664225 -2.0481490199318246 3
4.313116859076976 -3.9754479256230697 3
5.761741493309845 -6.42755934880276 3
2.7952122433322817 -3.0917723819161633 3
4.684523280231472 -3.722676190860407 3
2.708054625221097 -4.450619394716652 3
2.963920484351167 -4.266701463819713 3
2.38122451488602 -2.909726867060023 3
3.150649404958961 -5.0383292909789485 3
5.2446311315130885 -2.8704789257807724 3
2.3513516128421736 -4.981755353328763 3
4.711806842798544 -3.5542976263891704 3
2.843827712252132 -4.536804925837659 3
5.539635610279593 -3.1518072433472426 3
2.122846300705395 -3.3405430198059975 3
4.959360854237588 -3.6296569413107966 3
4.137919925950946 -2.088171594903125 3
4.384200432577353 -2.9024701917459836 3
3.391343526121297 -4.024321005692327 3
4.01530578236062 -4.473422402483091 3
5.011844640847856 -4.035941778976328 3
5.23452552358923 -3.699314607376103 3
3.9748529464796967 -5.71780413232247 3
2.7365382257747504 -1.6022924122012792 3
1.1521334650428305 -1.9268061231523728 3
3.3425980754720346 -2.6993893411296237 3
3.562342572605558 -3.7754700716751 3
4.204239503405365 -3.572739883276678 3
2.5106539968484176 -4.577262438189967 3
3.3912361638605044 -5.090455811098832 3
3.1623298409072818 -4.314668275673495 3
4.29447576213113 -2.7733477447793082 3
4.940938227998388 -2.6854675020203405 3
2.241565770863124 -4.538066567858637 3
5.725331568481829 -3.0563664732092604 3
4.469701026162669 -4.640050357572516 3
2.325539176062063 -5.240835144862034 3
3.668051344534204 -3.1598046332953604 3
4.120992661322016 -6.655466656488265 3
5.880035132184033 -4.067691216509034 3
-0.1919792400468711 -1.7761651629618864 4
0.24365087042619166 0.20826778951129277 4
0.20169413613121936 -0.39535260567429226 4
-1.9852426127103169 0.6670213577639141 4
0.2662863728781143 -0.7619512655621126 4
1.2833017429924043 -1.1923187064202017 4
1.0150715652793771 0.3261911023197514 4
-0.3258508363986449 0.5058435836176699 4
-0.24488229949803242 0.5916453377994786 4
0.6899105829269397 -1.2265887153464345 4
-0.5291860372370112 -0.8698647980622022 4
-0.06252239927142263 0.20784004570273693 4
0.36778300769098193 1.0310183625315237 4
-0.044459168552399654 -1.586040185783788 4
-0.48343706042505125 0.5694109154161893 4
0.33905428949928096 -0.7512682964763205 4
-0.10506215813112194 -0.6314891357849255 4
-0.06493176206548597 -0.8970759161335665 4
-2.045050027143571 -1.3085378982080915 4
-0.4342961159927266 0.018564767809010327 4
-0.12732312921125705 -0.2635887009239967 4
-0.6484936115019088 0.47480214560299977 4
0.660158333054677 -0.08739809051916668 4
-1.0063091606005963 0.5577068213301962 4
0.08705985802154624 -0.624813378474903 4
-0.4187942714006945 1.9989134846152836 4
0.6189096495534888 0.23578782074395574 4
-0.27119788705954045 -0.08103475064777631 4
0.5497277345494431 0.37236016964123153 4
1.3696057352573985 -0.8128022646206331 4
0.20097917770268228 0.7738457325833044 4
-1.387769153107557 -2.179480187921997 4
-1.734905803348719 1.0706480044756737 4
0.014452693007957424 -0.5830221028752219 4
0.10152998974133266 -0.04099894720750794 4
0.669161270870277 -0.3531188290392905 4
1.049071565954619 -0.4902912280264241 4
0.21246163229421153 0.969773485775044 4
0.016334838170957777 -0.5137910898217836 4
-0.38447487057162266 1.104926502399713 4
